Case 1
   10   10   20
   30   10   20
   30   20   20
   10   20   20
   10   10   10
   30   10   10
   30   20   10
   10   20   10


Case 2
   100   100   200
   300   100   200
   300   200   200
   100   200   200
   100   100   100
   300   100   100
   300   200   100
   100   200   100


Case 3
   1000   1000   2000
   3000   1000   2000
   3000   2000   2000
   1000   2000   2000
   1000   1000   1000
   3000   1000   1000
   3000   2000   1000
   1000   2000   1000


Case 4
   10000   10000   20000
   30000   10000   20000
   30000   20000   20000
   10000   20000   20000
   10000   10000   10000
   30000   10000   10000
   30000   20000   10000
   10000   20000   10000


Case 5
   100   100   110
   120   100   110
   120   110   110
   100   110   110
   100   100   100
   120   100   100
   120   110   100
   100   110   100


Case 6
   1000   1000   1010
   1020   1000   1010
   1020   1010   1010
   1000   1010   1010
   1000   1000   1000
   1020   1000   1000
   1020   1010   1000
   1000   1010   1000


Case 7
   10000   10000   10010
   10020   10000   10010
   10020   10010   10010
   10000   10010   10010
   10000   10000   10000
   10020   10000   10000
   10020   10010   10000
   10000   10010   10000


Case 8
    0    0   10
   20    0   10
   20   10   10
    0   10   10
    0    0    0
   20    0    0
   20   10    0
    0   10    0


Case 9
  -10    0    0
   10    0    0
   10   10    0
  -10   10    0
  -10    0  -10
   10    0  -10
   10   10  -10
  -10   10  -10


Case 10
  -20   0    0
    0   0    0
    0  10    0
  -20  10    0
  -20   0  -10
    0   0  -10
    0  10  -10
  -20  10  -10


Case 11
  -15   0   10
    5   0   10
    5  10   10
  -15  10   10
  -15   0    0
    5   0    0
    5  10    0
  -15  10    0


Case 12
  -20   0   10
    0   0   10
    0  10   10
  -20  10   10
  -20   0    0
    0   0    0
    0  10    0
  -20  10    0


Case 13
  -10  -5   10
   10  -5   10
   10   5   10
  -10   5   10
  -10  -5    0
   10  -5    0
   10   5    0
  -10   5    0


Case 14
  -15  -5   10
    5  -5   10
    5   5   10
  -15   5   10
  -15  -5    0
    5  -5    0
    5   5    0
  -15   5    0


Case 15
  -20  -5    5
    0  -5    5
    0   5    5
  -20   5    5
  -20  -5   -5
    0  -5   -5
    0   5   -5
  -20   5   -5


Case 16
    0  -10    0
   20  -10    0
   20    0    0
    0    0    0
    0  -10  -10
   20  -10  -10
   20    0  -10
    0    0  -10


Case 17
   -5  -10    0
   15  -10    0
   15    0    0
   -5    0    0
   -5  -10  -10
   15  -10  -10
   15    0  -10
   -5    0  -10


Case 18
    0   -3    8
   20   -3    8
   20    7    8
    0    7    8
    0   -3   -2
   20   -3   -2
   20    7   -2
    0    7   -2


Case 19
    0    0   15
   20    0   15
   20   10   15
    0   10   15
    0    0    5
   20    0    5
   20   10    5
    0   10    5


Case 20
  -16    0   13
    4    0   13
    4   10   13
  -16   10   13
  -16    0    3
    4    0    3
    4   10    3
  -16   10    3


Case 21
  -27    0   10
   -7    0   10
   -7   10   10
  -27   10   10
  -27    0    0
   -7    0    0
   -7   10    0
  -27   10    0


Case 22
  -18  -10   -3
    2  -10   -3
    2    0   -3
  -18    0   -3
  -18  -10  -13
    2  -10  -13
    2    0  -13
  -18    0  -13


Case 23
  -25  -10    5
   -5  -10    5
   -5    0    5
  -25    0    5
  -25  -10   -5
   -5  -10   -5
   -5    0   -5
  -25    0   -5


Case 24
  -30  -10    5
  -10  -10    5
  -10    0    5
  -30    0    5
  -30  -10   -5
  -10  -10   -5
  -10    0   -5
  -30    0   -5


Case 25
    3    0    8
   23    0    8
   23   10    8
    3   10    8
    3    0   -2
   23    0   -2
   23   10   -2
    3   10   -2


Case 26
   53    0    8
   73    0    8
   73   10    8
   53   10    8
   53    0   -2
   73    0   -2
   73   10   -2
   53   10   -2


Case 27
    8    0    0
   28    0    0
   28   10    0
    8   10    0
    8    0  -10
   28    0  -10
   28   10  -10
    8   10  -10


Case 28
  -20    0   25
    0    0   25
    0   10   25
  -20   10   25
  -20    0   15
    0    0   15
    0   10   15
  -20   10   15

