   5.79162E+00  -3.92251E+00  -4.86482E+00
   8.33272E+00  -4.80902E+00  -4.78454E+00
  -1.47385E+01  -3.72573E+00  -1.62498E+00
  -1.38384E+01  -2.41203E+00  -3.40104E+00
  -1.62283E+01  -2.58607E+00  -2.60075E+00
  -1.14235E+01   1.57323E+00  -4.14548E+00
  -4.52941E+00   7.06372E+00  -2.37220E+00
  -6.56613E-01   6.30976E+00  -2.73270E+00
   1.22425E+01   3.09155E+00  -5.92691E-01
   1.06430E+01   4.06288E+00   4.39820E-01
   9.80836E+00   1.87550E+00   3.55759E+00
  -5.48544E+00   5.09754E+00  -3.61139E+00
  -3.97632E+00   3.89438E+00  -4.48733E+00
  -7.79137E+00   3.99949E+00  -3.61365E+00
  -6.17946E+00   2.87656E+00  -4.51216E+00
   9.10119E+00   7.18195E-01  -4.64225E+00
   1.67659E+00  -4.54163E+00   3.62348E-01
   1.91225E+00  -3.79959E+00   2.66995E+00
  -8.67836E-01  -3.34984E+00   5.13291E-01
  -2.42444E+00  -3.19281E+00   2.38971E+00
   1.15035E+01  -1.52098E+00  -3.77183E+00
   9.20463E+00  -1.29043E+00  -4.94622E+00
   1.06221E+01  -5.75383E+00  -4.26729E+00
   2.19841E+00  -3.57925E+00  -3.60329E+00
  -7.89208E+00   6.35375E+00  -1.57825E+00
  -1.53100E+01  -5.86062E-01  -3.22682E+00
  -1.00636E+01  -3.73096E-01  -4.60222E+00
  -7.80623E+00  -1.30802E+00  -4.50494E+00
  -4.70697E+00  -1.48842E+00  -4.72125E+00
   1.42431E+01  -6.82674E+00  -5.26851E-01
   1.34656E+01  -3.77168E-01   1.72369E+00
  -1.15871E-01  -1.90421E+00  -5.01825E+00
  -1.64072E+00  -2.65532E+00  -3.62546E+00
   6.52891E-01  -1.50331E+00   4.62387E+00
   5.27229E+00  -5.87465E+00  -1.62691E+00
   3.71857E+00  -4.77717E+00  -2.61277E+00
  -1.40178E-01  -3.68912E+00  -2.60348E+00
   3.01286E+00  -2.40325E+00   4.32930E+00
  -8.73781E-01  -2.70317E+00   3.59292E+00
  -6.25463E+00  -2.79852E+00   2.58990E+00
   9.11223E+00   4.68446E+00   1.34342E+00
   5.99964E+00   3.87411E+00  -1.48595E+00
   7.44334E+00   2.71562E+00  -2.58763E+00
   9.78989E+00   3.12074E+00  -1.58916E+00
   1.33451E+01  -4.75051E+00  -3.15542E+00
   7.63190E+00   1.79434E+00   4.69642E+00
   4.52236E+00   4.29443E+00   2.56590E+00
   4.42533E+00  -4.86187E+00   2.62275E+00
   6.57793E+00  -5.00788E+00   3.75864E+00
  -6.24955E+00  -2.46263E+00  -3.47795E+00
   1.15335E+01   1.80805E+00  -2.75719E+00
  -1.22041E+01   4.60016E+00   1.25819E+00
  -1.02218E+01   5.50836E+00   6.65940E-01
  -2.31209E+00  -1.44060E+00   4.50469E+00
   7.57793E+00  -6.81979E+00   2.53871E+00
   6.06711E+00  -6.76343E+00   4.71318E-01
  -9.31290E+00   3.57270E+00   4.13658E+00
  -7.01364E+00   4.45148E+00   3.93717E+00
  -4.76369E+00   5.24575E+00   3.78725E+00
   3.46559E+00  -2.86715E+00  -4.90106E+00
  -3.21812E+00   6.20835E+00  -3.66265E+00
  -1.58182E+00   4.96020E+00  -4.45780E+00
  -1.27952E+01  -3.77168E-01  -4.15140E+00
  -1.74006E+01  -1.43278E-01   4.65573E-01
  -1.70753E+01  -2.76385E+00   4.40763E-01
  -8.54314E+00  -1.26040E+00   4.36717E+00
  -1.08331E+01  -4.78097E-01   4.89033E+00
  -1.32368E+01   7.52758E-01   4.63225E+00
  -5.48864E+00  -1.27218E+00   4.34823E+00
   1.21408E+01  -1.47403E+00   3.44468E+00
   1.27120E+01  -6.87470E+00   3.44859E+00
  -7.77811E+00  -3.34520E+00   1.54536E+00
  -6.24719E+00  -3.52469E+00  -5.56081E-01
  -9.31290E+00  -3.09619E+00  -2.06149E+00
  -1.00867E+01  -2.39472E+00   3.30925E+00
  -1.24221E+01   4.68672E+00  -5.90053E-01
  -1.45455E+01   3.54313E+00  -3.04974E-01
   9.76849E+00  -5.95479E+00   4.63026E+00
  -1.08802E+01   4.19937E+00   2.61425E+00
  -1.07310E+00   4.89707E+00   4.09832E+00
  -6.23041E+00   6.09305E+00   2.55183E+00
  -3.92994E+00   7.03139E+00   2.37738E+00
  -1.43249E+01   3.49272E+00   1.48172E+00
  -1.13903E+01   2.63999E+00   4.28868E+00
  -6.34339E+00   7.42890E+00  -5.89215E-01
  -1.60357E+01  -4.81895E-01   3.35646E+00
  -1.45353E+01   1.72672E+00   3.44666E+00
   2.06159E+00   3.88269E+00   3.47437E+00
   3.70785E+00   4.80409E+00   4.90344E-01
  -4.71164E+00  -3.31957E+00   1.38968E+00
   1.45067E+01  -2.59172E+00   1.50353E+00
  -1.61721E+01   1.78120E+00   1.44942E+00
  -1.54575E+01  -2.60220E+00   2.50545E+00
  -1.39342E+01  -3.68331E+00   1.49839E+00
  -1.31450E+01  -2.19899E+00   3.17492E+00
   1.13766E+01  -7.37697E+00  -2.68752E+00
  -2.41199E+00   6.17479E+00   3.50438E+00
   4.48415E+00  -3.65393E+00  -4.61192E+00
   5.24906E+00  -4.33910E+00  -4.23280E+00
   5.24906E+00  -3.24134E+00  -5.24483E+00
   6.75679E+00  -3.56167E+00  -5.27428E+00
   6.84368E+00  -4.67887E+00  -4.54595E+00
   6.00783E+00  -2.52651E+00  -5.65897E+00
   7.54832E+00  -4.15942E+00  -5.08194E+00
   5.84317E+00  -4.94643E+00  -3.80907E+00
   7.54832E+00  -5.34064E+00  -4.14748E+00
   8.32730E+00  -3.55385E+00  -5.30028E+00
   9.25005E+00  -5.69084E+00  -4.24904E+00
   9.85043E+00  -4.89024E+00  -4.80605E+00
   9.27066E+00  -3.90317E+00  -5.09503E+00
   8.24213E+00  -5.95339E+00  -3.71365E+00
  -1.61206E+01  -3.38301E+00  -1.43132E+00
  -1.52716E+01  -3.22742E+00  -2.41234E+00
  -1.39104E+01  -3.26388E+00  -2.49468E+00
  -1.46778E+01  -2.95894E+00  -2.95008E+00
  -1.31084E+01  -3.69983E+00  -1.59741E+00
  -1.39010E+01  -4.04753E+00  -5.37191E-01
  -1.55280E+01  -3.71365E+00  -5.52301E-01
  -1.47002E+01  -1.49915E+00  -3.63449E+00
  -1.31324E+01  -1.43109E+00  -3.96480E+00
  -1.31450E+01  -2.95862E+00  -2.94978E+00
  -1.52600E+01  -2.33544E+00  -3.14249E+00
  -1.23599E+01  -2.35686E+00  -3.41297E+00
  -1.66381E+01  -1.47050E+00  -2.44710E+00
  -1.58720E+01  -1.47050E+00  -3.15004E+00
  -1.70077E+01  -2.58206E+00  -1.57266E+00
  -1.08457E+01   2.24388E+00  -4.00272E+00
  -1.23965E+01   1.85663E+00  -3.68833E+00
  -1.22367E+01   4.89813E-01  -4.21667E+00
  -1.07496E+01   7.22209E-01  -4.52869E+00
  -1.01010E+01   1.73069E+00  -4.36139E+00
  -1.15852E+01   2.74991E+00  -3.35736E+00
  -5.42830E+00   6.39857E+00  -2.78025E+00
  -3.94797E+00   6.69122E+00  -3.05535E+00
  -3.25722E+00   7.38004E+00  -2.69076E+00
  -3.94797E+00   7.71873E+00  -1.97803E+00
  -5.50907E+00   7.38517E+00  -1.61188E+00
  -4.50596E+00   5.92154E+00  -3.39764E+00
  -4.52877E+00   7.87655E+00  -1.35466E+00
  -1.67601E+00   7.20954E+00  -2.61021E+00
  -2.93835E-01   5.68897E+00  -3.37595E+00
  -1.67447E-01   6.08366E+00  -1.58632E+00
  -1.06227E+00   7.05131E+00  -1.51926E+00
  -1.62366E+00   6.18258E+00  -3.68640E+00
  -8.82290E-01   5.55172E+00  -4.02859E+00
   2.65379E-01   5.63338E+00  -2.58287E+00
   1.11924E+01   3.46184E+00  -3.03248E-01
   1.26514E+01   2.74579E+00   2.54600E-01
   1.06140E+01   3.37836E+00  -9.92520E-01
   1.13915E+01   3.00467E+00  -1.64803E+00
   1.23802E+01   2.13432E+00  -1.85499E+00
   1.32346E+01   2.14326E+00  -7.16369E-01
   1.17402E+01   3.41610E+00   4.65573E-01
   9.78205E+00   3.77043E+00  -3.98829E-01
   1.10369E+01   3.70799E+00   1.34105E+00
   9.25634E+00   4.42706E+00   2.97366E-01
   1.00054E+01   4.31624E+00   1.56921E+00
   9.06212E+00   2.91688E+00   3.45618E+00
   9.62229E+00   5.97713E-01   4.42999E+00
   8.93184E+00   1.62421E+00   4.15997E+00
   1.01954E+01   3.12250E+00   2.68150E+00
   1.07788E+01   2.03547E+00   2.92644E+00
   1.06555E+01   7.80127E-01   3.64105E+00
  -6.86307E+00   4.92174E+00  -3.24345E+00
  -5.30694E+00   3.79905E+00  -4.20143E+00
  -6.29350E+00   4.12641E+00  -3.76361E+00
  -4.71439E+00   4.51587E+00  -4.08202E+00
  -3.91882E+00   5.19584E+00  -3.98150E+00
  -6.24722E+00   5.61521E+00  -3.07146E+00
  -4.75011E+00   2.91150E+00  -4.81129E+00
  -3.16157E+00   3.01566E+00  -5.01028E+00
  -2.48966E+00   4.07669E+00  -4.70163E+00
  -3.94797E+00   2.39419E+00  -5.15857E+00
  -3.02877E+00   4.91628E+00  -4.25160E+00
  -8.54648E+00   4.57056E+00  -3.11670E+00
  -9.27273E+00   3.85418E+00  -3.39070E+00
  -7.69806E+00   2.70875E+00  -4.38507E+00
  -8.73398E+00   3.09704E+00  -4.02809E+00
  -7.01364E+00   3.41140E+00  -4.07167E+00
  -7.82490E+00   5.24106E+00  -2.82131E+00
  -7.00471E+00   1.74436E+00  -4.98049E+00
  -5.48081E+00   2.24536E+00  -5.02024E+00
  -6.05989E+00   1.57571E+00  -5.16564E+00
   8.16812E+00   1.45784E+00  -4.48271E+00
   9.73231E+00  -4.29490E-01  -4.41919E+00
   7.72270E+00   9.46844E-01  -5.06075E+00
   8.44392E+00  -1.64954E-01  -4.98366E+00
   1.00188E+01   9.62210E-01  -4.05470E+00
   9.06507E+00   1.94243E+00  -3.64703E+00
   2.05597E+00  -4.92887E+00  -4.68520E-01
   2.78039E+00  -5.23266E+00   6.89078E-01
   7.08315E-01  -3.51522E+00   4.57806E-01
   9.48966E-01  -4.32480E+00  -5.50573E-01
   2.32044E+00  -4.61221E+00   1.46822E+00
   1.42020E+00  -3.65192E+00   1.48390E+00
   1.00683E+00  -3.14891E+00   2.49787E+00
   2.97943E+00  -4.51709E+00   2.36227E+00
   3.01054E+00  -3.56355E+00   3.41503E+00
   1.59638E+00  -3.18388E+00   3.31201E+00
   2.18339E+00  -2.95197E+00   3.87474E+00
  -2.25478E+00  -3.79242E+00   5.28762E-01
  -1.57450E+00  -3.88014E+00  -4.53224E-01
  -9.36954E-02  -3.79811E+00  -4.18328E-01
  -1.15871E-01  -3.07596E+00   9.41539E-01
  -7.39344E-01  -2.97155E+00   1.67112E+00
  -1.62132E+00  -3.33174E+00   1.51735E+00
  -3.32252E+00  -2.92013E+00   2.64209E+00
  -1.49791E+00  -2.97958E+00   2.68432E+00
  -3.94797E+00  -3.12362E+00   2.00198E+00
  -3.11951E+00  -3.50436E+00   1.42311E+00
  -2.34422E+00  -2.51174E+00   3.44635E+00
   1.02946E+01  -1.68269E+00  -4.47799E+00
   1.12625E+01  -2.76909E+00  -4.26799E+00
   1.20060E+01  -2.61197E+00  -3.45127E+00
   1.20074E+01  -6.20382E-01  -3.18805E+00
   1.08207E+01  -4.24698E-01  -3.86960E+00
   1.25045E+01  -1.47050E+00  -3.05713E+00
   8.34923E+00  -1.42742E+00  -5.22210E+00
   8.99831E+00  -2.53727E+00  -5.21389E+00
   9.96311E+00  -2.58460E+00  -4.90445E+00
   1.15303E+01  -6.01823E+00  -3.95983E+00
   9.84758E+00  -6.22405E+00  -3.95237E+00
   1.12851E+01  -4.76484E+00  -4.40674E+00
   1.06079E+01  -6.76957E+00  -3.42544E+00
   1.41697E+00  -3.07707E+00  -4.07601E+00
   2.19976E+00  -2.65751E+00  -4.70702E+00
   3.50622E+00  -3.90420E+00  -3.85103E+00
   1.35218E+00  -3.90244E+00  -2.75154E+00
   6.24617E-01  -3.27650E+00  -3.51135E+00
   2.94981E+00  -3.27555E+00  -4.26048E+00
   2.94981E+00  -4.21660E+00  -3.10279E+00
   2.33129E+00  -4.35572E+00  -2.41205E+00
  -9.19840E+00   5.86394E+00  -1.42214E+00
  -8.54648E+00   5.68897E+00  -2.12386E+00
  -6.97208E+00   6.04659E+00  -2.43742E+00
  -6.86065E+00   6.85349E+00  -1.37671E+00
  -7.64738E+00   6.84034E+00  -3.21416E-01
  -6.24722E+00   6.72662E+00  -2.07210E+00
  -8.67481E+00   6.36580E+00  -6.15691E-01
  -1.40228E+01  -3.26209E-01  -3.74698E+00
  -1.62072E+01  -3.70146E-01  -2.58944E+00
  -1.45308E+01   5.19089E-01  -3.22093E+00
  -1.54396E+01   6.71456E-01  -2.45878E+00
  -8.60563E+00  -4.57094E-01  -4.83027E+00
  -9.36656E+00   8.02356E-01  -4.76064E+00
  -1.00575E+01  -1.67409E+00  -3.78318E+00
  -1.16203E+01  -4.18894E-01  -4.29738E+00
  -1.08457E+01  -1.00239E+00  -4.18009E+00
  -9.17157E+00  -1.33129E+00  -4.29839E+00
  -7.18910E+00  -5.66506E-01  -5.02376E+00
  -7.01364E+00  -1.96362E+00  -4.05731E+00
  -8.54648E+00  -1.87714E+00  -3.97694E+00
  -7.78006E+00   1.67818E-01  -5.12479E+00
  -6.14720E+00  -1.41249E+00  -4.57146E+00
  -7.79782E+00  -2.44216E+00  -3.45630E+00
  -5.48081E+00  -2.01827E+00  -4.10810E+00
  -4.73166E+00  -2.83514E-01  -5.33723E+00
  -3.94797E+00  -9.81080E-01  -5.17643E+00
  -3.94797E+00  -2.13203E+00  -4.21384E+00
  -4.69609E+00  -2.54549E+00  -3.60424E+00
  -5.48081E+00  -8.30450E-01  -5.03644E+00
  -3.16665E+00  -1.67323E+00  -4.80289E+00
   1.44705E+01  -5.85450E+00  -1.55794E+00
   1.37197E+01  -7.14773E+00  -1.56153E+00
   1.48170E+01  -5.98647E+00   6.20154E-01
   1.39972E+01  -7.25118E+00   6.24095E-01
   1.35823E+01  -7.67888E+00  -3.52805E-01
   1.48022E+01  -5.67948E+00  -3.81610E-01
   1.34110E+01   4.98757E-01   1.29616E+00
   1.25584E+01   5.47539E-01   2.20418E+00
   1.41736E+01  -3.77168E-01   7.07282E-01
   1.39461E+01  -1.25670E+00   1.66862E+00
   1.31609E+01  -1.28939E+00   2.65610E+00
   1.24553E+01  -1.50325E-01   2.68217E+00
  -8.15512E-01  -2.25244E+00  -4.43617E+00
  -9.06822E-01  -1.38545E+00  -5.28740E+00
   6.35530E-01  -1.30195E+00  -5.54593E+00
   7.28124E-01  -2.52286E+00  -4.57209E+00
  -1.87290E+00  -1.72469E+00  -4.85793E+00
  -1.76999E-01  -4.55232E-01  -5.80129E+00
  -2.73920E-01  -2.95930E+00  -3.75701E+00
  -2.41513E+00  -2.17180E+00  -4.25079E+00
  -8.82290E-01  -3.16328E+00  -3.13999E+00
  -1.57298E+00  -3.43723E+00  -2.40964E+00
  -3.17865E+00  -2.65731E+00  -3.63555E+00
  -2.41513E+00  -3.01353E+00  -3.00081E+00
  -1.15871E-01  -2.18323E+00   4.17642E+00
   1.58800E+00  -2.39647E+00   4.14785E+00
   6.46503E-01  -2.88630E-01   5.26006E+00
  -1.15871E-01  -8.68930E-01   4.98720E+00
  -8.77408E-01  -1.48927E+00   4.58897E+00
   6.68707E-01  -2.76604E+00   3.62298E+00
   2.20601E+00  -1.68811E+00   4.66979E+00
   1.41697E+00  -9.05343E-01   5.02104E+00
   3.87970E+00  -5.37181E+00  -1.34475E+00
   4.48264E+00  -5.33565E+00  -2.11055E+00
   6.04948E+00  -5.77703E+00  -2.58723E+00
   6.19464E+00  -6.42600E+00  -1.32916E+00
   5.61178E+00  -6.41975E+00  -5.50573E-01
   5.06001E+00  -5.25945E+00  -2.80522E+00
   4.46096E+00  -5.85966E+00  -5.41948E-01
   4.58749E+00  -4.63916E+00  -3.53758E+00
   2.91790E+00  -4.93594E+00  -1.60230E+00
   5.43393E-01  -4.13034E+00  -1.52610E+00
  -8.73259E-01  -3.98023E+00  -1.54955E+00
   3.71622E+00  -3.09730E+00   4.00981E+00
   4.47045E+00  -2.57365E+00   4.55050E+00
   3.56510E+00  -1.63007E+00   4.87883E+00
   2.94981E+00  -9.51477E-01   5.06392E+00
  -1.64871E+00  -2.06633E+00   4.06778E+00
  -1.09504E-01  -2.84288E+00   2.49136E+00
  -7.01364E+00  -3.17988E+00   2.05427E+00
  -6.24380E+00  -3.38508E+00   1.40786E+00
  -5.48081E+00  -3.12922E+00   2.00718E+00
  -5.48376E+00  -2.12641E+00   3.42241E+00
  -7.00415E+00  -2.17119E+00   3.43234E+00
  -7.69268E+00  -2.81316E+00   2.67466E+00
  -4.71016E+00  -2.75204E+00   2.58463E+00
  -6.24722E+00  -1.82222E+00   3.84090E+00
   7.56592E+00   5.10751E+00   1.46003E+00
   9.15958E+00   4.20776E+00   2.49119E+00
   8.33626E+00   4.63315E+00   5.87911E-01
   8.19082E+00   4.73609E+00   2.33369E+00
   4.64898E+00   4.48412E+00  -1.79968E+00
   6.16446E+00   3.34221E+00  -2.79370E+00
   6.78190E+00   3.37486E+00  -2.00542E+00
   6.81727E+00   4.17110E+00  -6.57696E-01
   5.24906E+00   4.51381E+00  -1.03167E+00
   5.19662E+00   3.93665E+00  -2.60417E+00
   7.36366E+00   3.53245E+00  -1.38056E+00
   5.84820E+00   4.65331E+00  -3.66965E-01
   7.59977E+00   2.06312E+00  -3.76938E+00
   8.31474E+00   2.31575E+00  -3.05337E+00
   8.29010E+00   3.04593E+00  -1.77438E+00
   6.51400E+00   2.75852E+00  -3.42960E+00
   9.07966E+00   2.57173E+00  -2.50437E+00
   1.05663E+01   2.69685E+00  -2.43097E+00
   9.84758E+00   2.32460E+00  -3.06160E+00
   9.08116E+00   3.43780E+00  -1.04777E+00
   1.23691E+01  -4.73425E+00  -3.87156E+00
   1.36934E+01  -5.82988E+00  -2.62934E+00
   1.36880E+01  -3.66196E+00  -2.59916E+00
   1.26241E+01  -3.88422E+00  -3.43221E+00
   1.26707E+01  -5.66919E+00  -3.48089E+00
   1.40449E+01  -4.75051E+00  -2.41385E+00
   1.17924E+01  -3.65717E+00  -4.14521E+00
   1.07426E+01  -3.68465E+00  -4.71994E+00
   6.75610E+00   2.89546E+00   4.42643E+00
   8.31474E+00   2.40610E+00   4.06849E+00
   7.48489E+00   5.43293E-01   5.36542E+00
   6.61327E+00   1.60860E+00   5.13601E+00
   6.01548E+00   2.31372E+00   4.99878E+00
   7.73714E+00   3.13446E+00   3.97963E+00
   8.54090E+00   1.01049E+00   4.77545E+00
   4.46243E+00   4.74515E+00   1.55244E+00
   5.38512E+00   4.72512E+00   2.33958E+00
   3.79166E+00   3.77726E+00   3.45134E+00
   2.94719E+00   4.00421E+00   2.51323E+00
   3.54814E+00   4.44428E+00   1.67534E+00
   5.23884E+00   4.00715E+00   3.51721E+00
   4.54110E+00  -5.69130E+00   1.49968E+00
   5.56859E+00  -5.68636E+00   2.33464E+00
   5.36357E+00  -4.56475E+00   3.43141E+00
   3.71622E+00  -4.23940E+00   3.03899E+00
   3.55813E+00  -5.16755E+00   1.65971E+00
   4.46611E+00  -3.79697E+00   3.76574E+00
   6.01548E+00  -5.34205E+00   3.04765E+00
   6.01548E+00  -4.28010E+00   4.09296E+00
   6.60281E+00  -6.07024E+00   2.71893E+00
   7.54782E+00  -5.91761E+00   3.58941E+00
   7.54331E+00  -4.77125E+00   4.61648E+00
   6.61670E+00  -3.87711E+00   4.71642E+00
  -5.48266E+00  -3.01661E+00  -2.69498E+00
  -7.00768E+00  -3.01345E+00  -2.69435E+00
  -6.24722E+00  -3.21311E+00  -2.17016E+00
   1.04644E+01   1.73925E+00  -3.46579E+00
   1.11119E+01   5.12486E-01  -3.47133E+00
   1.21868E+01   7.31902E-01  -2.73249E+00
  -1.32127E+01   4.11975E+00   1.50127E+00
  -1.16122E+01   4.50702E+00   1.95650E+00
  -1.27959E+01   4.59143E+00   4.65573E-01
  -1.15553E+01   5.02912E+00   4.35964E-01
  -1.07966E+01   5.00994E+00   1.48931E+00
  -1.23509E+01   3.95030E+00   2.41753E+00
  -9.95299E+00   5.74484E+00  -3.10992E-01
  -9.20168E+00   5.99955E+00   4.13317E-01
  -1.10109E+01   5.30251E+00  -6.30997E-01
  -9.52505E+00   5.33691E+00   1.75027E+00
  -3.18155E+00  -8.27194E-01   4.94841E+00
  -3.18155E+00  -1.92135E+00   3.93302E+00
  -1.64871E+00  -8.40956E-01   4.96120E+00
  -3.96257E+00  -1.31467E+00   4.38355E+00
  -2.41397E+00  -2.91216E-01   5.24050E+00
   6.78655E+00  -6.94844E+00   1.49822E+00
   8.91721E+00  -7.35985E+00   2.67332E+00
   7.90475E+00  -7.52205E+00   1.48172E+00
   8.31474E+00  -7.48577E+00   1.99158E+00
   8.50977E+00  -6.71913E+00   3.28138E+00
   5.15655E+00  -6.28906E+00   4.64063E-01
   7.44554E+00  -7.41899E+00   4.76498E-01
   5.83203E+00  -6.34266E+00   1.70210E+00
   6.81540E+00  -6.93511E+00  -5.92671E-01
  -8.56593E+00   4.26020E+00   3.65357E+00
  -8.76804E+00   3.17326E+00   4.77714E+00
  -1.00766E+01   2.89770E+00   4.52566E+00
  -9.99856E+00   3.87343E+00   3.34631E+00
  -7.81478E+00   3.86670E+00   4.38465E+00
  -9.31290E+00   2.42799E+00   5.10498E+00
  -7.61411E+00   4.88980E+00   3.33512E+00
  -7.01364E+00   5.55314E+00   2.92877E+00
  -6.26909E+00   5.10868E+00   3.53357E+00
  -7.01364E+00   3.42363E+00   5.01418E+00
  -6.35481E+00   4.08188E+00   4.61007E+00
  -5.48081E+00   5.72821E+00   3.09147E+00
  -3.91608E+00   5.90396E+00   3.38512E+00
  -3.79715E+00   4.95385E+00   4.20412E+00
  -5.48081E+00   4.70317E+00   4.17110E+00
  -4.74229E+00   6.32710E+00   2.74896E+00
  -3.18155E+00   5.52770E+00   3.92127E+00
  -4.69813E+00   4.25120E+00   4.75088E+00
   2.94981E+00  -2.18422E+00  -5.27848E+00
   4.45741E+00  -2.39772E+00  -5.54447E+00
   3.67465E+00  -1.52104E+00  -5.79050E+00
  -2.41513E+00   6.89288E+00  -3.24277E+00
  -2.41513E+00   5.60949E+00  -4.08228E+00
  -8.64183E-01   4.10070E+00  -4.98051E+00
  -1.74467E-01   4.86805E+00  -4.50653E+00
  -1.32272E+01   7.40489E-01  -3.73423E+00
  -1.23786E+01  -9.55418E-01  -4.13644E+00
  -1.70233E+01   7.16168E-01   4.65573E-01
  -1.75580E+01  -1.49699E+00   4.77005E-01
  -1.68547E+01   6.58948E-01  -5.77146E-01
  -1.73862E+01  -5.23681E-01  -4.01624E-01
  -1.68786E+01   6.20420E-01   1.38604E+00
  -1.72922E+01  -3.77168E-01   1.23116E+00
  -1.75781E+01  -1.47050E+00  -5.50573E-01
  -1.72624E+01  -1.56933E+00   1.65960E+00
  -1.73375E+01  -2.34924E+00  -5.50573E-01
  -1.66529E+01  -3.19464E+00  -5.50573E-01
  -1.61514E+01  -3.31899E+00   5.10117E-01
  -1.65335E+01  -2.74990E+00   1.69155E+00
  -9.31327E+00  -4.83237E-01   4.92674E+00
  -9.31290E+00  -1.90137E+00   3.91446E+00
  -7.78006E+00  -1.87351E+00   3.88857E+00
  -7.77493E+00  -4.79999E-01   4.92720E+00
  -1.00827E+01  -1.28597E+00   4.39504E+00
  -8.53634E+00  -2.36162E+00   3.27987E+00
  -7.01120E+00  -1.26964E+00   4.36216E+00
  -8.54648E+00   5.26405E-02   5.14684E+00
  -1.15578E+01  -1.32095E+00   4.32479E+00
  -1.00793E+01   7.16092E-02   5.12921E+00
  -1.08598E+01   6.96353E-01   5.14608E+00
  -1.17298E+01   7.19542E-01   4.99931E+00
  -1.23583E+01  -4.89276E-01   4.64046E+00
  -1.08457E+01  -1.91561E+00   3.92770E+00
  -1.37217E+01   1.57208E+00   4.05790E+00
  -1.45402E+01   4.98986E-01   4.14582E+00
  -1.37965E+01  -3.38670E-01   4.45412E+00
  -1.31450E+01   2.24438E+00   3.91818E+00
  -1.23859E+01   1.82592E+00   4.55621E+00
  -6.24514E+00  -4.85456E-01   4.95455E+00
  -4.71439E+00  -1.82589E+00   3.84430E+00
  -4.71439E+00  -7.45688E-01   4.87266E+00
  -5.29903E+00  -2.01133E-01   5.14169E+00
   1.15226E+01  -2.78467E-01   3.59523E+00
   1.29990E+01  -2.58782E+00   3.65112E+00
   1.21510E+01  -2.58487E+00   4.47055E+00
   1.13264E+01  -1.43785E+00   4.43233E+00
   1.13800E+01  -7.09994E+00   3.55991E+00
   1.21468E+01  -7.43620E+00   2.96166E+00
   1.27479E+01  -7.56762E+00   2.28687E+00
   1.36579E+01  -6.92470E+00   2.48409E+00
   1.36309E+01  -5.80047E+00   3.47963E+00
   1.26214E+01  -5.66149E+00   4.40116E+00
   1.21468E+01  -6.50969E+00   4.13284E+00
  -9.35906E+00  -3.54126E+00   1.44567E+00
  -8.55696E+00  -3.64946E+00   4.65830E-01
  -7.01339E+00  -3.59038E+00   4.68812E-01
  -8.54648E+00  -3.21217E+00   2.08428E+00
  -7.78043E+00  -3.53434E+00  -5.58252E-01
  -7.01639E+00  -3.32711E+00  -1.60550E+00
  -5.48100E+00  -3.37523E+00  -1.60333E+00
  -4.64285E+00  -3.61283E+00  -5.52072E-01
  -5.47999E+00  -3.53888E+00   4.72703E-01
  -1.00796E+01  -3.28556E+00  -1.47084E+00
  -8.55420E+00  -3.31323E+00  -1.47484E+00
  -9.43375E+00  -3.59142E+00  -5.12132E-01
  -1.08457E+01  -3.09960E+00  -2.06466E+00
  -1.00786E+01  -2.73486E+00  -2.66689E+00
  -8.61437E+00  -2.87193E+00  -2.63015E+00
  -1.08536E+01  -2.93300E+00   2.57887E+00
  -9.31871E+00  -2.95725E+00   2.58808E+00
  -1.16302E+01  -2.34762E+00   3.27053E+00
  -1.00793E+01  -3.25027E+00   2.11969E+00
   1.38879E+01  -4.75051E+00   3.26056E+00
   1.35596E+01  -3.55980E+00   3.39947E+00
   1.33157E+01  -4.75051E+00   4.04764E+00
   1.27175E+01  -3.82177E+00   4.42230E+00
   1.43636E+01  -4.75051E+00   2.49787E+00
   1.23576E+01  -4.72535E+00   4.81019E+00
  -1.34052E+01   4.20049E+00  -6.30129E-01
  -1.26907E+01   4.14896E+00  -1.72474E+00
  -1.14667E+01   4.83058E+00  -1.50594E+00
  -1.49754E+01   3.17813E+00   6.05040E-01
  -1.39642E+01   4.05664E+00   4.55286E-01
  -1.52227E+01   2.76335E+00  -3.77401E-01
  -1.45929E+01   2.85220E+00  -1.51410E+00
  -1.37769E+01   3.61570E+00  -1.39149E+00
   8.47078E+00  -5.64988E+00   4.35824E+00
   1.06140E+01  -6.56770E+00   4.18676E+00
   1.06140E+01  -5.40707E+00   5.14037E+00
   9.84814E+00  -4.66276E+00   5.41970E+00
   9.08116E+00  -5.24080E+00   4.98584E+00
   9.08116E+00  -6.37325E+00   4.00604E+00
   9.82416E+00  -6.98495E+00   3.52489E+00
   1.13707E+01  -6.05294E+00   4.70693E+00
  -9.88914E+00   4.64455E+00   2.33647E+00
  -1.16122E+01   3.57041E+00   3.11831E+00
  -9.31290E+00   4.39067E+00   2.86451E+00
  -1.10271E+01   3.35830E+00   3.69686E+00
  -1.56185E+00   4.19507E+00   4.81548E+00
  -1.48384E+00   5.51355E+00   3.68953E+00
  -5.27096E-02   4.12355E+00   4.55984E+00
  -2.41248E+00   4.89460E+00   4.38042E+00
  -3.97653E-01   4.94352E+00   3.34735E+00
  -8.82290E-01   3.56696E+00   5.14739E+00
  -7.18219E+00   6.62497E+00   1.66917E+00
  -7.58017E+00   5.94881E+00   2.26605E+00
  -6.19703E+00   7.06803E+00   1.34295E+00
  -5.48081E+00   6.81189E+00   2.06636E+00
  -4.77649E+00   7.42911E+00   1.54942E+00
  -3.18155E+00   7.70261E+00   1.87804E+00
  -3.18155E+00   6.70446E+00   2.98266E+00
  -3.77238E+00   7.92248E+00   1.29905E+00
  -2.41940E+00   7.11347E+00   2.42164E+00
  -1.52265E+01   2.76979E+00   1.31353E+00
  -1.45356E+01   2.82951E+00   2.42034E+00
  -1.39114E+01   3.48002E+00   2.01815E+00
  -1.23963E+01   3.00921E+00   3.48454E+00
  -1.10176E+01   2.00750E+00   4.94208E+00
  -5.34134E+00   7.90435E+00  -3.03159E-01
  -6.95701E+00   7.21240E+00   4.29532E-01
  -5.63307E+00   7.68985E+00   6.48159E-01
  -1.62258E+01   7.36118E-01   2.49021E+00
  -1.65372E+01  -1.62314E+00   2.78409E+00
  -1.54789E+01  -1.45953E+00   3.55763E+00
  -1.68450E+01  -5.20795E-01   2.38843E+00
  -1.53784E+01   6.69305E-01   3.48088E+00
  -1.50703E+01  -3.77168E-01   4.03432E+00
  -1.54603E+01   1.81657E+00   2.50664E+00
  -1.36871E+01   2.62865E+00   3.25853E+00
   6.04181E-01   4.37925E+00   3.47878E+00
   1.39122E+00   4.33295E+00   2.47392E+00
   2.18339E+00   3.34695E+00   4.94292E+00
   2.77146E+00   3.53872E+00   4.34145E+00
   1.33556E+00   3.76735E+00   4.35792E+00
   2.18951E+00   4.67827E+00   3.44384E-01
   2.94927E+00   4.74959E+00  -5.42097E-01
   4.49191E+00   4.84464E+00  -5.72795E-01
   5.25275E+00   5.08418E+00   4.69985E-01
   2.94981E+00   4.55915E+00   9.88804E-01
  -3.81371E+00  -3.58544E+00   4.07900E-01
   1.49218E+01  -2.68638E+00   3.32638E-01
   1.47783E+01  -3.65717E+00   1.24689E+00
   1.42741E+01  -3.85421E+00   2.33390E+00
   1.46588E+01  -1.46284E+00   4.96561E-01
   1.50322E+01  -3.65717E+00   4.65573E-01
   1.38447E+01  -2.57137E+00   2.56931E+00
  -1.58508E+01   2.38952E+00   4.65573E-01
  -1.64798E+01   1.58079E+00   4.65573E-01
  -1.66268E+01  -2.06413E+00   2.49787E+00
  -1.54811E+01  -3.31503E+00   1.40094E+00
  -1.46778E+01  -3.18062E+00   2.05495E+00
  -1.46778E+01  -2.21895E+00   3.19348E+00
  -1.39061E+01  -2.78803E+00   2.72050E+00
  -1.31450E+01  -3.30157E+00   2.16736E+00
  -1.48432E+01  -3.82090E+00   5.33619E-01
  -1.31352E+01  -4.10881E+00   4.45818E-01
  -1.23796E+01  -3.77186E+00   1.54573E+00
  -1.39000E+01  -1.69036E+00   3.71576E+00
  -1.24546E+01  -2.83949E+00   2.65402E+00
  -1.25506E+01  -1.87880E+00   3.66539E+00
  -1.29565E+01  -1.30531E+00   4.12671E+00
   1.06140E+01  -7.62126E+00  -2.20250E+00
   1.19100E+01  -6.65602E+00  -3.33934E+00
   1.21468E+01  -7.58111E+00  -2.16519E+00
   1.13888E+01  -7.94488E+00  -1.46092E+00
   9.78518E+00  -7.18743E+00  -2.74785E+00
   1.29156E+01  -6.95619E+00  -2.61138E+00
   3.11208E+00  -5.34058E+00  -2.97989E-01
   3.79754E+00  -5.61663E+00   4.82259E-01
  -1.45128E+00   6.30321E+00   2.62851E+00
   7.54168E+00  -2.54711E+00  -5.63663E+00
   6.81157E+00  -5.58736E+00  -3.45832E+00
   5.24510E+00  -1.46544E+00  -5.90822E+00
   6.73655E+00  -1.46839E+00  -5.58237E+00
   9.26678E+00  -6.49343E+00  -3.43269E+00
   8.42582E+00  -6.74644E+00  -2.60346E+00
   7.37544E+00  -6.30306E+00  -2.78045E+00
  -1.25659E+01  -3.19379E+00  -2.40057E+00
  -1.16694E+01  -3.40150E+00  -1.53634E+00
  -1.23828E+01  -4.04473E+00  -5.19871E-01
  -1.15221E+01  -1.67505E+00  -3.87073E+00
  -1.15445E+01  -2.81360E+00  -2.75092E+00
  -1.08457E+01  -2.24855E+00  -3.30598E+00
  -1.70035E+01  -3.55720E-01  -1.54493E+00
  -1.73006E+01  -1.47050E+00  -1.33884E+00
  -1.01381E+01   2.96007E+00  -3.74832E+00
  -1.37357E+01   1.57408E+00  -3.14718E+00
  -1.26939E+01   3.06629E+00  -2.72584E+00
  -1.31450E+01   2.30858E+00  -3.04671E+00
  -8.61835E+00   1.88831E+00  -4.72042E+00
  -9.31290E+00   2.47669E+00  -4.21910E+00
  -1.08457E+01   3.52680E+00  -3.16278E+00
  -1.16132E+01   3.99958E+00  -2.58561E+00
  -2.41513E+00   7.84931E+00  -2.09938E+00
  -3.11084E+00   8.20765E+00  -1.51903E+00
  -3.94798E+00   8.37000E+00  -5.51508E-01
  -1.97212E+00   7.90816E+00  -1.56672E+00
   6.70932E-01   5.16657E+00  -3.66554E+00
   7.12014E-01   5.40733E+00  -1.56692E+00
   1.33333E+00   5.04576E+00  -2.61528E+00
  -3.65839E-01   6.41331E+00  -5.50573E-01
   2.85846E-01   5.66258E+00  -5.50573E-01
  -1.45979E+00   7.60026E+00  -5.50513E-01
   1.31120E+01   1.80950E+00  -1.32015E+00
   1.34402E+01   1.60493E+00   2.55395E-01
   1.27183E+01   1.66662E+00   1.35513E+00
   1.19243E+01   2.76168E+00   1.33609E+00
   1.32236E+01   9.53795E-01  -1.76148E+00
   1.39451E+01   8.90581E-01  -6.28737E-01
   8.27538E+00   3.94114E+00  -5.48310E-01
   1.11595E+01   2.59694E+00   2.23589E+00
   1.06140E+01   3.51821E+00   2.05365E+00
   7.54832E+00   4.48319E+00   1.29420E-02
   8.32052E+00   3.89453E+00   3.31635E+00
   1.15407E+01   9.46780E-01   2.92472E+00
   1.18237E+01   1.58675E+00   2.31581E+00
   1.06144E+01  -3.73122E-01   4.51868E+00
   9.71043E+00  -5.52094E-01   5.20189E+00
   9.08116E+00   1.99140E-01   5.06578E+00
  -4.73187E+00   1.71033E+00  -5.31174E+00
  -3.18654E+00   1.85125E+00  -5.42449E+00
  -2.24989E+00   2.71353E+00  -5.23628E+00
  -1.64871E+00   3.41438E+00  -5.09058E+00
  -9.29130E+00   5.04936E+00  -2.53923E+00
  -1.03012E+01   4.27346E+00  -2.82639E+00
  -7.02626E+00   5.60503E-01  -5.24259E+00
  -7.96584E+00   9.72310E-01  -5.09952E+00
  -5.48745E+00   7.19189E-01  -5.38079E+00
   6.81157E+00   1.88849E+00  -4.71674E+00
   6.80387E+00   6.35353E-01  -5.37786E+00
   7.58081E+00  -3.48693E-01  -5.23872E+00
   1.56147E+00  -4.59326E+00  -1.52943E+00
   5.01276E-01  -3.01190E+00   1.70024E+00
  -3.23826E+00  -3.79738E+00  -6.29425E-01
  -2.41403E+00  -3.65517E+00  -1.56320E+00
  -3.86833E+00  -2.27983E+00   3.33187E+00
   1.29415E+01  -2.54464E+00  -2.66908E+00
   1.34348E+01  -1.59845E+00  -2.37598E+00
   1.28691E+01  -3.30436E-01  -2.48495E+00
   1.41697E+00  -2.04307E+00  -5.14730E+00
   2.16500E+00  -1.47562E+00  -5.63884E+00
  -1.01034E+01   5.40514E+00  -1.60241E+00
  -7.93568E+00   6.64834E+00   6.91886E-01
  -1.63067E+01   7.84691E-01  -1.63096E+00
  -1.45122E+01   1.70673E+00  -2.49783E+00
  -1.54154E+01   1.83930E+00  -1.61581E+00
  -9.15251E+00  -2.18830E+00  -3.46264E+00
  -6.25976E+00  -2.37855E-01  -5.19501E+00
  -7.78006E+00  -3.16919E+00  -2.12934E+00
  -3.09085E+00  -3.53915E-01  -5.59034E+00
  -3.85256E+00   7.17317E-01  -5.56741E+00
  -2.41513E+00  -1.09873E+00  -5.28578E+00
  -4.13540E+00  -3.04302E+00  -2.77971E+00
  -4.71439E+00  -3.20682E+00  -2.16431E+00
   1.49124E+01  -4.75051E+00  -8.00677E-01
   1.28161E+01  -7.75749E+00  -1.44176E+00
   1.22800E+01  -8.13439E+00  -6.07103E-01
   1.29319E+01  -8.04444E+00   4.60905E-01
   1.45913E+01  -4.75051E+00  -1.56672E+00
   1.49900E+01  -4.76263E+00   4.82073E-01
   1.42776E+01  -6.80337E+00   1.33205E+00
   1.46452E+01  -5.84384E+00   1.48172E+00
   1.47597E+01  -4.74711E+00   1.55977E+00
   1.33458E+01  -7.55426E+00   1.48172E+00
   1.39474E+01   4.51252E-01   4.65573E-01
   1.43914E+01  -3.92240E-01  -5.50231E-01
  -1.63660E+00  -4.56964E-01  -5.70587E+00
   1.41865E+00  -3.56338E-01  -5.91069E+00
  -8.77977E-01   7.09318E-01  -5.83573E+00
   6.54797E-01   7.07848E-01  -5.94359E+00
  -3.18450E+00  -3.20858E+00  -2.46753E+00
   2.18378E+00  -4.59611E-01   5.26101E+00
  -1.01125E-01   7.26826E-01   5.55239E+00
   1.37115E+00   7.28798E-01   5.58058E+00
  -8.84268E-01  -2.78255E-01   5.21159E+00
   6.78190E+00  -6.39818E+00  -2.08192E+00
   7.54913E+00  -6.94219E+00  -1.57274E+00
   5.54939E+00  -3.50242E+00   4.40786E+00
   5.24906E+00  -2.06883E+00   5.08625E+00
   4.44410E+00  -1.35406E+00   5.15905E+00
   5.83359E+00  -2.78816E+00   4.97980E+00
   3.70961E+00  -4.25594E-01   5.24728E+00
   6.72201E+00   4.88596E+00   4.91685E-01
   6.82227E+00   5.03130E+00   2.43581E+00
   5.86093E+00   5.21230E+00   1.53648E+00
   7.54832E+00   4.57196E+00   3.03301E+00
   3.73449E+00   4.71055E+00  -1.57806E+00
   4.11377E+00   4.56329E+00  -2.58287E+00
   5.61364E+00   3.42293E+00  -3.59901E+00
   4.58279E+00   4.18575E+00  -3.64223E+00
   5.75784E+00   2.74940E+00  -4.46416E+00
   1.45291E+01  -3.67238E+00  -1.59043E+00
   1.42242E+01  -2.56384E+00  -1.81419E+00
   5.23309E+00   3.07650E+00   4.69222E+00
   6.87073E+00   4.05501E+00   3.56936E+00
   6.01548E+00   3.55536E+00   4.12047E+00
   6.03758E+00   7.53708E-01   5.57139E+00
   6.78137E+00  -3.84945E-01   5.78862E+00
   8.33523E+00  -3.16675E-01   5.60359E+00
   5.25750E+00   1.88080E+00   5.29448E+00
   6.01548E+00   4.55112E+00   3.01364E+00
   4.48264E+00   3.54896E+00   4.11452E+00
   3.80128E+00   3.23079E+00   4.73025E+00
   2.17828E+00   4.41352E+00   1.44118E+00
   8.47601E+00  -4.56202E+00   5.15730E+00
   7.59004E+00  -3.48370E+00   5.32787E+00
   6.88825E+00  -2.53854E+00   5.41942E+00
  -1.33227E+01   3.36071E+00   2.68783E+00
  -8.48947E+00   6.10026E+00   1.43209E+00
  -8.54776E+00   5.12255E+00   2.49030E+00
  -3.96088E+00  -2.87663E-01   5.20681E+00
  -3.17907E+00   6.09227E-01   5.64632E+00
  -1.65107E+00   6.63094E-01   5.58776E+00
   8.29215E+00  -7.76743E+00   4.64015E-01
   9.12745E+00  -7.91365E+00   1.42916E+00
   9.82684E+00  -7.66275E+00   2.41006E+00
   1.06140E+01  -7.47359E+00   2.99640E+00
   8.12532E+00  -7.48032E+00  -8.04222E-01
  -8.42082E+00   1.82417E+00   5.45829E+00
  -7.80748E+00   2.81035E+00   5.21235E+00
  -1.01024E+01   1.70621E+00   5.22972E+00
  -6.27216E+00   2.82435E+00   5.42663E+00
  -7.09830E+00   1.78223E+00   5.61877E+00
  -5.48081E+00   3.56470E+00   5.14529E+00
  -3.27639E+00   4.19737E+00   4.79998E+00
  -3.94797E+00   3.60500E+00   5.18275E+00
  -4.75592E+00   2.91369E+00   5.56003E+00
   2.94761E+00  -3.66218E-01  -5.96879E+00
   4.47854E+00  -3.86974E-01  -5.88902E+00
  -8.91727E-01   2.95636E+00  -5.26655E+00
  -1.15871E-01   3.55412E+00  -5.22046E+00
   7.47627E-01   4.21873E+00  -4.94621E+00
   1.41697E+00   4.66986E+00  -4.22514E+00
  -1.61649E+01   1.78414E+00  -6.09366E-01
  -9.31517E+00   6.85308E-01   5.32585E+00
  -7.01364E+00   8.01875E-03   5.18831E+00
  -7.78251E+00   6.78084E-01   5.35036E+00
  -1.46778E+01  -9.27098E-01   4.02512E+00
  -6.27223E+00   7.03862E-01   5.55887E+00
  -4.70740E+00   6.44814E-01   5.62020E+00
   1.18224E+01  -3.65717E+00   5.11617E+00
   1.12709E+01  -2.74474E+00   5.23292E+00
   1.05138E+01  -1.61981E+00   5.27473E+00
   1.13880E+01  -7.73022E+00   2.42428E+00
   1.43096E+01  -5.68745E+00   2.36471E+00
   1.21444E+01  -8.02589E+00   1.44755E+00
  -1.07724E+01  -3.69611E+00   1.50589E+00
  -1.00926E+01  -3.90528E+00   4.63198E-01
  -3.95007E+00  -3.40641E+00  -1.59496E+00
  -1.08637E+01  -3.78976E+00  -6.56843E-01
  -1.16122E+01  -3.28431E+00   2.15133E+00
   1.13318E+01  -4.68518E+00   5.36010E+00
  -1.31450E+01   3.47619E+00  -2.09960E+00
  -1.08457E+01   4.67179E+00  -2.19464E+00
  -1.37346E+01   2.67092E+00  -2.37599E+00
   8.93562E+00  -3.69591E+00   5.67845E+00
   1.07246E+01  -3.58979E+00   5.66091E+00
  -1.64414E+00   2.79595E+00   5.47180E+00
  -2.41513E+00   3.57399E+00   5.15393E+00
  -7.33102E-01   5.54383E+00   2.72232E+00
  -1.68255E-01   2.88369E+00   5.41397E+00
   6.50548E-01   3.45093E+00   5.03955E+00
   3.06861E-01   4.81749E+00   2.36458E+00
  -4.74918E+00   8.00405E+00   3.63146E-01
  -1.63489E+00   7.12315E+00   1.49048E+00
  -2.59464E+00   7.89381E+00   1.27761E+00
  -3.19599E+00   8.41733E+00   5.06288E-01
   1.24911E+00   4.61388E+00   1.26222E+00
   2.96256E+00   2.85074E+00   5.33050E+00
   1.49951E+00   2.76565E+00   5.45686E+00
   2.25245E+00   1.90562E+00   5.64771E+00
   6.75852E-01   5.12094E+00   4.49360E-01
   1.32943E+00   4.97671E+00  -6.04472E-01
   2.03748E+00   4.86333E+00  -1.56531E+00
   1.48149E+01  -2.39666E+00  -6.82239E-01
   1.46673E+01  -1.47050E+00  -5.50573E-01
   1.49241E+01  -3.64692E+00  -4.64533E-01
  -1.16203E+01  -4.10162E+00   4.51989E-01
   9.83339E+00  -7.75525E+00  -1.62430E+00
   1.05417E+01  -8.18514E+00  -6.42242E-01
   8.90136E+00  -7.42593E+00  -1.78258E+00
  -8.16115E-01   6.24111E+00   1.43885E+00
   6.01421E+00  -3.77690E-01  -5.63058E+00
  -2.35412E+00   8.43072E+00  -5.49697E-01
   2.20275E+00   4.71156E+00  -3.49204E+00
   2.95890E+00   4.74398E+00  -2.60017E+00
  -2.87435E-01   6.06389E+00   3.26162E-01
  -1.13720E+00   7.10660E+00   2.59532E-01
  -1.96876E+00   7.91295E+00   4.65573E-01
   1.38174E+01  -4.58448E-01  -1.67795E+00
   9.25026E+00  -1.41068E+00   5.72456E+00
  -2.48339E+00   8.15279E-01  -5.74558E+00
  -1.65793E+00   1.69735E+00  -5.56637E+00
   5.90563E+00   1.66941E+00  -5.35546E+00
   5.18766E+00   6.97269E-01  -5.60320E+00
   1.43004E+01  -1.62099E+00  -1.44508E+00
   1.13800E+01  -8.23850E+00   4.62033E-01
   2.17927E+00   7.09794E-01  -6.01272E+00
  -9.21283E-02   1.77069E+00  -5.60833E+00
   1.42004E+00   1.78725E+00  -5.86824E+00
   2.94330E+00   5.94077E-01   5.62727E+00
   6.58219E-01   1.81343E+00   5.49459E+00
  -8.83910E-01   1.80681E+00   5.69272E+00
   6.00911E+00  -1.52731E+00   5.58248E+00
   5.14692E+00  -4.15236E-01   5.62344E+00
   4.49505E+00   7.32511E-01   5.64562E+00
   3.53428E+00   4.58905E+00  -3.37511E+00
   2.94981E+00   4.45404E+00  -4.02455E+00
   5.06760E+00   3.48828E+00  -4.38370E+00
   4.48264E+00   3.34774E+00  -5.02865E+00
   3.74616E+00   4.01002E+00  -4.68225E+00
   5.05870E+00   2.66176E+00  -5.15486E+00
   4.48264E+00   2.51227E+00   5.18330E+00
   7.55393E+00  -1.46704E+00   5.83283E+00
   3.76104E+00   1.88116E+00   5.59137E+00
   8.32520E+00  -2.54744E+00   5.85882E+00
  -3.94848E+00   1.80570E+00   5.81606E+00
  -2.41796E+00   1.80553E+00   5.72083E+00
   9.69887E+00  -8.19621E+00   4.63369E-01
   9.19072E+00  -7.95778E+00  -5.11349E-01
   1.05499E+01  -8.06175E+00   1.51954E+00
  -5.47753E+00   1.80694E+00   5.76878E+00
  -3.25097E+00   2.89103E+00   5.53690E+00
   3.70958E+00   7.07223E-01  -5.80565E+00
   7.16877E-01   2.83332E+00  -5.45492E+00
   1.41697E+00   3.60961E+00  -5.27203E+00
   2.16394E+00   4.19351E+00  -4.67918E+00
   1.00233E+01  -2.48008E+00   5.72999E+00
   5.38697E-02   5.29227E+00   1.49615E+00
   4.35970E+00   1.75336E+00  -5.55286E+00
   2.94400E+00   1.79327E+00  -5.84374E+00
   2.18359E+00   2.90627E+00  -5.63543E+00
   3.64099E+00   2.73426E+00  -5.47768E+00
   2.94981E+00   3.51175E+00  -5.18108E+00