22867.6200000000	-1158.51000000000	-5305.82000000000
25408.7200000000	-2045.02000000000	-5225.54000000000
2337.50000000000	-961.730000000000	-2065.98000000000
3237.60000000000	351.970000000000	-3842.04000000000
847.699999999999	177.930000000000	-3041.75000000000
5652.50000000000	4337.23000000000	-4586.48000000000
12546.5900000000	9827.72000000000	-2813.20000000000
16419.3870000000	9073.76000000000	-3173.70000000000
29318.5000000000	5855.55000000000	-1033.69100000000
27719	6826.88000000000	-1.18000000000001
26884.3600000000	4639.50000000000	3116.59000000000
11590.5600000000	7861.54000000000	-4052.39000000000
13099.6800000000	6658.38000000000	-4928.33000000000
9284.63000000000	6763.49000000000	-4054.65000000000
10896.5400000000	5640.56000000000	-4953.16000000000
26177.1900000000	3482.19500000000	-5083.25000000000
18752.5900000000	-1777.63000000000	-78.6520000000000
18988.2500000000	-1035.59000000000	2228.95000000000
16208.1640000000	-585.840000000000	72.2910000000001
14651.5600000000	-428.810000000000	1948.71000000000
28579.5000000000	1243.02000000000	-4212.83000000000
26280.6300000000	1473.57000000000	-5387.22000000000
27698.1000000000	-2989.83000000000	-4708.29000000000
19274.4100000000	-815.250000000000	-4044.29000000000
9183.92000000000	9117.75000000000	-2019.25000000000
1766	2177.93800000000	-3667.82000000000
7012.40000000000	2390.90400000000	-5043.22000000000
9269.77000000000	1455.98000000000	-4945.94000000000
12369.0300000000	1275.58000000000	-5162.25000000000
31319.1000000000	-4062.74000000000	-967.851000000000
30541.6000000000	2386.83200000000	1282.69000000000
16960.1290000000	859.790000000000	-5459.25000000000
15435.2800000000	108.680000000000	-4066.46000000000
17728.8910000000	1260.69000000000	4182.87000000000
22348.2900000000	-3110.65000000000	-2067.91000000000
20794.5700000000	-2013.17000000000	-3053.77000000000
16935.8220000000	-925.120000000000	-3044.48000000000
20088.8600000000	360.750000000000	3888.30000000000
16202.2190000000	60.8299999999999	3151.92000000000
10821.3700000000	-34.5200000000000	2148.90000000000
26188.2300000000	7448.46000000000	902.420000000000
23075.6400000000	6638.11000000000	-1926.95000000000
24519.3400000000	5479.62000000000	-3028.63000000000
26865.8900000000	5884.74000000000	-2030.16000000000
30421.1000000000	-1986.51000000000	-3596.42000000000
24707.9000000000	4558.34000000000	4255.42000000000
21598.3600000000	7058.43000000000	2124.90000000000
21501.3300000000	-2097.87000000000	2181.75000000000
23653.9300000000	-2243.88000000000	3317.64000000000
10826.4500000000	301.370000000000	-3918.95000000000
28609.5000000000	4572.05000000000	-3198.19000000000
4871.90000000000	7364.16000000000	817.190000000000
6854.20000000000	8272.36000000000	224.940000000000
14763.9100000000	1323.40000000000	4063.69000000000
24653.9300000000	-4055.79000000000	2097.71000000000
23143.1100000000	-3999.43000000000	30.3180000000000
7763.10000000000	6336.70000000000	3695.58000000000
10062.3600000000	7215.48000000000	3496.17000000000
12312.3100000000	8009.75000000000	3346.25000000000
20541.5900000000	-103.150000000000	-5342.06000000000
13857.8800000000	8972.35000000000	-4103.65000000000
15494.1800000000	7724.20000000000	-4898.80000000000
4280.80000000000	2386.83200000000	-4592.40000000000
-324.600000000002	2620.72200000000	24.5730000000000
0.700000000000728	0.149999999999636	-0.236999999999966
8532.86000000000	1503.60000000000	3926.17000000000
6242.90000000000	2285.90300000000	4449.33000000000
3839.20000000000	3516.75800000000	4191.25000000000
11587.3600000000	1491.82000000000	3907.23000000000
29216.8000000000	1289.97000000000	3003.68000000000
29788	-4110.70000000000	3007.59000000000
9297.89000000000	-581.200000000000	1104.36000000000
10828.8100000000	-760.690000000000	-997.081000000000
7763.10000000000	-332.190000000000	-2502.49000000000
6989.30000000000	369.280000000000	2868.25000000000
4653.90000000000	7450.72000000000	-1031.05300000000
2530.50000000000	6307.13000000000	-745.974000000000
26844.4900000000	-3190.79000000000	4189.26000000000
6195.80000000000	6963.37000000000	2173.25000000000
16002.9000000000	7661.07000000000	3657.32000000000
10845.5900000000	8857.05000000000	2110.83000000000
13146.0600000000	9795.39000000000	1936.38000000000
2751.10000000000	6256.72000000000	1040.72000000000
5685.70000000000	5403.99000000000	3847.68000000000
10732.6100000000	10192.9000000000	-1030.21500000000
1040.30000000000	2282.10500000000	2915.46000000000
2540.70000000000	4490.72000000000	3005.66000000000
19137.5900000000	6646.69000000000	3033.37000000000
20783.8500000000	7568.09000000000	49.3440000000000
12364.3600000000	-555.570000000000	948.680000000000
31582.7000000000	172.280000000000	1062.53000000000
903.900000000000	4545.20000000000	1008.42000000000
1618.50000000000	161.800000000000	2064.45000000000
3141.80000000000	-919.310000000000	1057.39000000000
3931	565.010000000000	2733.92000000000
28452.6000000000	-4612.97000000000	-3128.52000000000
14664.0100000000	8938.79000000000	3063.38000000000
21560.1500000000	-889.930000000000	-5052.92000000000
22325.0600000000	-1575.10000000000	-4673.80000000000
22325.0600000000	-477.340000000000	-5685.83000000000
23832.7900000000	-797.670000000000	-5715.28000000000
23919.6800000000	-1914.87000000000	-4986.95000000000
23083.8300000000	237.490000000000	-6099.97000000000
24624.3200000000	-1395.42000000000	-5522.94000000000
22919.1700000000	-2182.43000000000	-4250.07000000000
24624.3200000000	-2576.64000000000	-4588.48000000000
25403.3000000000	-789.850000000000	-5741.28000000000
26326.0500000000	-2926.84000000000	-4690.04000000000
26926.4300000000	-2126.24000000000	-5247.05000000000
26346.6600000000	-1139.17000000000	-5536.03000000000
25318.1300000000	-3189.39000000000	-4154.65000000000
955.400000000000	-619.010000000000	-1872.32000000000
1804.40000000000	-463.420000000000	-2853.34000000000
3165.60000000000	-499.880000000000	-2935.68000000000
2398.20000000000	-194.940000000000	-3391.08000000000
3967.60000000000	-935.830000000000	-2038.41000000000
3175	-1283.53000000000	-978.191000000000
1548	-949.650000000000	-993.301000000000
2375.80000000000	1264.85000000000	-4075.49000000000
3943.60000000000	1332.91000000000	-4405.80000000000
3931	-194.620000000000	-3390.78000000000
1816	428.560000000000	-3583.49000000000
4716.10000000000	407.140000000000	-3853.97000000000
437.899999999998	1293.50000000000	-2888.10000000000
1204	1293.50000000000	-3591.04000000000
68.2999999999993	181.940000000000	-2013.66000000000
6230.30000000000	5007.88000000000	-4443.72000000000
4679.50000000000	4620.63000000000	-4129.33000000000
4839.30000000000	3253.81300000000	-4657.67000000000
6326.40000000000	3486.20900000000	-4969.69000000000
6975	4494.69000000000	-4802.39000000000
5490.80000000000	5513.91000000000	-3798.36000000000
11647.7000000000	9162.57000000000	-3221.25000000000
13128.0300000000	9455.22000000000	-3496.35000000000
13818.7800000000	10144.0400000000	-3131.76000000000
13128.0300000000	10482.7300000000	-2419.03000000000
11566.9300000000	10149.1700000000	-2052.88000000000
12570.0400000000	8685.54000000000	-3838.64000000000
12547.2300000000	10640.5500000000	-1795.66000000000
15399.9900000000	9973.54000000000	-3051.21000000000
16782.1650000000	8452.97000000000	-3816.95000000000
16908.5530000000	8847.66000000000	-2027.32000000000
16013.7300000000	9815.31000000000	-1960.26000000000
15452.3400000000	8946.58000000000	-4127.40000000000
16193.7100000000	8315.72000000000	-4469.59000000000
17341.3790000000	8397.38000000000	-3023.87000000000
28268.4000000000	6225.84000000000	-744.248000000000
29727.4000000000	5509.79000000000	-186.400000000000
27690	6142.36000000000	-1433.52000000000
28467.5000000000	5768.67000000000	-2089.03000000000
29456.2000000000	4898.32000000000	-2295.99000000000
30310.6000000000	4907.26000000000	-1157.36900000000
28816.2000000000	6180.10000000000	24.5730000000000
26858.0500000000	6534.43000000000	-839.829000000000
28112.9000000000	6471.99000000000	900.050000000000
26332.3400000000	7191.06000000000	-143.634000000000
27081.4000000000	7080.24000000000	1128.21000000000
26138.1200000000	5680.88000000000	3015.18000000000
26698.2900000000	3361.71300000000	3988.99000000000
26007.8400000000	4388.21000000000	3718.97000000000
27271.4000000000	5886.50000000000	2240.50000000000
27854.8000000000	4799.47000000000	2485.44000000000
27731.5000000000	3544.12700000000	3200.05000000000
10212.9300000000	7685.74000000000	-3684.45000000000
11769.0600000000	6563.05000000000	-4642.43000000000
10782.5000000000	6890.41000000000	-4204.61000000000
12361.6100000000	7279.87000000000	-4523.02000000000
13157.1800000000	7959.84000000000	-4422.50000000000
10828.7800000000	8379.21000000000	-3512.46000000000
12325.8900000000	5675.50000000000	-5252.29000000000
13914.4300000000	5779.66000000000	-5451.28000000000
14586.3400000000	6840.69000000000	-5142.63000000000
13128.0300000000	5158.19000000000	-5599.57000000000
14047.2300000000	7680.28000000000	-4692.60000000000
8529.52000000000	7334.56000000000	-3557.70000000000
7803.27000000000	6618.18000000000	-3831.70000000000
9377.94000000000	5472.75000000000	-4826.07000000000
8342.02000000000	5861.04000000000	-4469.09000000000
10062.3600000000	6175.40000000000	-4512.67000000000
9251.10000000000	8005.06000000000	-3262.31000000000
10071.2900000000	4508.36000000000	-5421.49000000000
11595.1900000000	5009.36000000000	-5461.24000000000
11016.1100000000	4339.71000000000	-5606.64000000000
25244.1200000000	4221.84000000000	-4923.71000000000
26808.3100000000	2334.51000000000	-4860.19000000000
24798.7000000000	3710.84400000000	-5501.75000000000
25519.9200000000	2599.04600000000	-5424.66000000000
27094.8000000000	3726.21000000000	-4495.70000000000
26141.0700000000	4706.43000000000	-4088.03000000000
19131.9700000000	-2164.87000000000	-909.520000000000
19856.3900000000	-2468.66000000000	248.078000000000
17784.3150000000	-751.220000000000	16.8060000000000
18024.9660000000	-1560.80000000000	-991.573000000000
19396.4400000000	-1848.21000000000	1027.22000000000
18496.2000000000	-887.920000000000	1042.90000000000
18082.8300000000	-384.910000000000	2056.87000000000
20055.4300000000	-1753.09000000000	1921.27000000000
20086.5400000000	-799.550000000000	2974.03000000000
18672.3800000000	-419.880000000000	2871.01000000000
19259.3900000000	-187.970000000000	3433.74000000000
14821.2200000000	-1028.42000000000	87.7619999999999
15501.5000000000	-1116.14000000000	-894.224000000000
16982.3046000000	-1034.11000000000	-859.328000000000
16960.1290000000	-311.960000000000	500.539000000000
16336.6560000000	-207.550000000000	1230.12000000000
15454.6800000000	-567.740000000000	1076.35000000000
13753.4800000000	-156.130000000000	2201.09000000000
15578.0900000000	-215.580000000000	2243.32000000000
13128.0300000000	-359.620000000000	1560.98000000000
13956.4900000000	-740.360000000000	982.110000000000
14731.7800000000	252.260000000000	3005.35000000000
27370.6000000000	1081.31000000000	-4918.99000000000
28338.5000000000	-5.08999999999969	-4708.99000000000
29082	152.030000000000	-3892.27000000000
29083.4000000000	2143.61800000000	-3629.05000000000
27896.7000000000	2339.30200000000	-4310.60000000000
29580.5000000000	1293.50000000000	-3498.13000000000
25425.2300000000	1336.58000000000	-5663.10000000000
26074.3100000000	226.730000000000	-5654.89000000000
27039.1100000000	179.400000000000	-5345.45000000000
28606.3000000000	-3254.23000000000	-4400.83000000000
26923.5800000000	-3460.05000000000	-4393.37000000000
28361.1000000000	-2000.84000000000	-4847.74000000000
27683.9000000000	-4005.57000000000	-3866.44000000000
18492.9700000000	-313.070000000000	-4517.01000000000
19275.7600000000	106.490000000000	-5148.02000000000
20582.2200000000	-1140.20000000000	-4292.03000000000
18428.1800000000	-1138.44000000000	-3192.54000000000
17700.6170000000	-512.500000000000	-3952.35000000000
20025.8100000000	-511.550000000000	-4701.48000000000
20025.8100000000	-1452.60000000000	-3543.79000000000
19407.2900000000	-1591.72000000000	-2853.05000000000
7877.60000000000	8627.94000000000	-1863.14000000000
8529.52000000000	8452.97000000000	-2564.86000000000
10103.9200000000	8810.59000000000	-2878.42000000000
10215.3500000000	9617.49000000000	-1817.71000000000
9428.62000000000	9604.34000000000	-762.416000000000
10828.7800000000	9490.62000000000	-2513.10000000000
8401.19000000000	9129.80000000000	-1056.69100000000
3053.20000000000	2437.79100000000	-4187.98000000000
868.799999999999	2393.85400000000	-3030.44000000000
2545.20000000000	3283.08900000000	-3661.93000000000
1636.40000000000	3435.45600000000	-2899.78000000000
8470.37000000000	2306.90600000000	-5271.27000000000
7709.44000000000	3566.35600000000	-5201.64000000000
7018.50000000000	1089.91000000000	-4224.18000000000
5455.70000000000	2345.10600000000	-4738.38000000000
6230.30000000000	1761.61000000000	-4621.09000000000
7904.43000000000	1432.71000000000	-4739.39000000000
9886.90000000000	2197.49400000000	-5464.76000000000
10062.3600000000	800.380000000000	-4498.31000000000
8529.52000000000	886.860000000000	-4417.94000000000
9295.94000000000	2931.81800000000	-5565.79000000000
10928.8000000000	1351.51000000000	-5012.46000000000
9278.18000000000	321.840000000000	-3897.30000000000
11595.1900000000	745.730000000000	-4549.10000000000
12344.3400000000	2480.48600000000	-5778.23000000000
13128.0300000000	1782.92000000000	-5617.43000000000
13128.0300000000	631.970000000000	-4654.84000000000
12379.9100000000	218.510000000000	-4045.24000000000
11595.1900000000	1933.55000000000	-5477.44000000000
13909.3500000000	1090.77000000000	-5243.89000000000
31546.5000000000	-3090.50000000000	-1998.94000000000
30795.7000000000	-4383.73000000000	-2002.53000000000
31893	-3222.47000000000	179.154000000000
31073.2000000000	-4487.18000000000	183.095000000000
30658.3000000000	-4914.88000000000	-793.805000000000
31878.2000000000	-2915.48000000000	-822.610000000000
30487	3262.75700000000	855.160000000000
29634.4000000000	3311.53900000000	1763.18000000000
31249.6000000000	2386.83200000000	266.282000000000
31022.1000000000	1507.30000000000	1227.62000000000
30236.9000000000	1474.61000000000	2215.10000000000
29531.3000000000	2613.67500000000	2241.17000000000
16260.4880000000	511.560000000000	-4877.17000000000
16169.1780000000	1378.55000000000	-5728.40000000000
17711.5300000000	1462.05000000000	-5986.93000000000
17804.1240000000	241.140000000000	-5013.09000000000
15203.1000000000	1039.31000000000	-5298.93000000000
16899.0010000000	2308.76800000000	-6242.29000000000
16802.0800000000	-195.300000000000	-4198.01000000000
14660.8700000000	592.200000000000	-4691.79000000000
16193.7100000000	-399.280000000000	-3580.99000000000
15503.0200000000	-673.230000000000	-2850.64000000000
13897.3500000000	106.690000000000	-4076.55000000000
14660.8700000000	-249.530000000000	-3441.81000000000
16960.1290000000	580.770000000000	3735.42000000000
18664	367.530000000000	3706.85000000000
17722.5030000000	2475.37000000000	4819.06000000000
16960.1290000000	1895.07000000000	4546.20000000000
16198.5920000000	1274.73000000000	4147.97000000000
17744.7070000000	-2.03999999999996	3181.98000000000
19282.0100000000	1075.89000000000	4228.79000000000
18492.9700000000	1858.65700000000	4580.04000000000
20955.7000000000	-2607.81000000000	-1785.75000000000
21558.6400000000	-2571.65000000000	-2551.55000000000
23125.4800000000	-3013.03000000000	-3028.23000000000
23270.6400000000	-3662	-1770.16000000000
22687.7800000000	-3655.75000000000	-991.573000000000
22136.0100000000	-2495.45000000000	-3246.22000000000
21536.9600000000	-3095.66000000000	-982.948000000000
21663.4900000000	-1875.16000000000	-3978.58000000000
19993.9000000000	-2171.94000000000	-2043.30000000000
17619.3930000000	-1366.34000000000	-1967.10000000000
16202.7410000000	-1216.23000000000	-1990.55000000000
20792.2200000000	-333.300000000000	3568.81000000000
21546.4500000000	190.350000000000	4109.50000000000
20641.1000000000	1133.93000000000	4437.83000000000
20025.8100000000	1812.52300000000	4622.92000000000
15427.2900000000	697.670000000000	3626.78000000000
16966.4960000000	-78.8800000000001	2050.36000000000
10062.3600000000	-415.880000000000	1613.27000000000
10832.2000000000	-621.080000000000	966.860000000000
11595.1900000000	-365.220000000000	1566.18000000000
11592.2400000000	637.590000000000	2981.41000000000
10071.8500000000	592.810000000000	2991.34000000000
9383.32000000000	-49.1599999999999	2233.66000000000
12365.8400000000	11.9600000000000	2143.63000000000
10828.7800000000	941.780000000000	3399.90000000000
24641.9200000000	7871.51000000000	1019.03000000000
26235.5800000000	6971.76000000000	2050.19000000000
25412.2600000000	7397.15000000000	146.911000000000
25266.8200000000	7500.09000000000	1892.69000000000
21724.9800000000	7248.12000000000	-2240.68000000000
23240.4600000000	6106.21000000000	-3234.70000000000
23857.9000000000	6138.86000000000	-2446.42000000000
23893.2700000000	6935.10000000000	-1098.69600000000
22325.0600000000	7277.81000000000	-1472.67000000000
22272.6200000000	6700.65000000000	-3045.17000000000
24439.6600000000	6296.45000000000	-1821.56000000000
22924.2000000000	7417.31000000000	-807.965000000000
24675.7700000000	4827.12000000000	-4210.38000000000
25390.7400000000	5079.75000000000	-3494.37000000000
25366.1000000000	5809.93000000000	-2215.38000000000
23590	5522.52000000000	-3870.60000000000
26155.6600000000	5335.73000000000	-2945.37000000000
27642.3000000000	5460.85000000000	-2871.97000000000
26923.5800000000	5088.60000000000	-3502.60000000000
26157.1600000000	6201.80000000000	-1488.77000000000
29445.1000000000	-1970.25000000000	-4312.56000000000
30769.4000000000	-3065.88000000000	-3070.34000000000
30764	-897.960000000000	-3040.16000000000
29700.1000000000	-1120.22000000000	-3873.21000000000
29746.7000000000	-2905.19000000000	-3921.89000000000
31120.9000000000	-1986.51000000000	-2854.85000000000
28868.4000000000	-893.170000000000	-4586.21000000000
27818.6000000000	-920.650000000000	-5160.94000000000
23832.1000000000	5659.46000000000	3985.43000000000
25390.7400000000	5170.10000000000	3627.49000000000
24560.8900000000	3307.29300000000	4924.42000000000
23689.2700000000	4372.60000000000	4695.01000000000
23091.4800000000	5077.72000000000	4557.78000000000
24813.1400000000	5898.46000000000	3538.63000000000
25616.9000000000	3774.49000000000	4334.45000000000
21538.4300000000	7509.15000000000	1111.44000000000
22461.1200000000	7489.12000000000	1898.58000000000
20867.6600000000	6541.26000000000	3010.34000000000
20023.1900000000	6768.21000000000	2072.23000000000
20624.1400000000	7208.28000000000	1234.34000000000
22314.8400000000	6771.15000000000	3076.21000000000
21617.1000000000	-2927.30000000000	1058.68000000000
22644.5900000000	-2922.36000000000	1893.64000000000
22439.5700000000	-1800.75000000000	2990.41000000000
20792.2200000000	-1475.40000000000	2597.99000000000
20634.1300000000	-2403.55000000000	1218.71000000000
21542.1100000000	-1032.97000000000	3324.74000000000
23091.4800000000	-2578.05000000000	2606.65000000000
23091.4800000000	-1516.10000000000	3651.96000000000
23678.8100000000	-3306.24000000000	2277.93000000000
24623.8200000000	-3153.61000000000	3148.41000000000
24619.3100000000	-2007.25000000000	4175.48000000000
23692.7000000000	-1113.11000000000	4275.42000000000
11593.3400000000	-252.610000000000	-3135.98000000000
10068.3200000000	-249.450000000000	-3135.35000000000
10828.7800000000	-449.110000000000	-2611.16000000000
27540.4000000000	4503.25000000000	-3906.79000000000
28187.9000000000	3276.48600000000	-3912.33000000000
29262.8000000000	3495.90200000000	-3173.49000000000
3863.30000000000	6883.75000000000	1060.27000000000
5463.80000000000	7271.02000000000	1515.50000000000
4280.10000000000	7355.43000000000	24.5730000000000
5520.70000000000	7793.12000000000	-5.03600000000000
6279.40000000000	7773.94000000000	1048.31000000000
4725.10000000000	6714.30000000000	1976.53000000000
7123.01000000000	8508.84000000000	-751.992000000000
7874.32000000000	8763.55000000000	-27.6830000000000
6065.10000000000	8066.51000000000	-1071.99700000000
7550.95000000000	8100.91000000000	1309.27000000000
13894.4500000000	1936.80600000000	4507.41000000000
13894.4500000000	842.650000000000	3492.02000000000
15427.2900000000	1923.04400000000	4520.20000000000
13113.4300000000	1449.33000000000	3942.55000000000
14662.0300000000	2472.78400000000	4799.50000000000
23862.5500000000	-4184.44000000000	1057.22000000000
25993.2100000000	-4595.85000000000	2232.32000000000
24980.7500000000	-4758.05000000000	1040.72000000000
25390.7400000000	-4721.77000000000	1550.58000000000
25585.7700000000	-3955.13000000000	2840.38000000000
22232.5500000000	-3525.06000000000	23.0630000000000
24521.5400000000	-4654.99000000000	35.4980000000000
22908.0300000000	-3578.66000000000	1261.10000000000
23891.4000000000	-4171.11000000000	-1033.67100000000
8510.07000000000	7024.20000000000	3212.57000000000
8307.96000000000	5937.26000000000	4336.14000000000
6999.40000000000	5661.70000000000	4084.66000000000
7077.44000000000	6637.43000000000	2905.31000000000
9261.22000000000	6630.70000000000	3943.65000000000
7763.10000000000	5191.99000000000	4663.98000000000
9461.89000000000	7653.80000000000	2894.12000000000
10062.3600000000	8317.14000000000	2487.77000000000
10806.9100000000	7872.68000000000	3092.57000000000
10062.3600000000	6187.63000000000	4573.18000000000
10721.1900000000	6845.88000000000	4169.07000000000
11595.1900000000	8492.21000000000	2650.47000000000
13159.9200000000	8667.96000000000	2944.12000000000
13278.8500000000	7717.85000000000	3763.12000000000
11595.1900000000	7467.17000000000	3730.10000000000
12333.7100000000	9091.10000000000	2307.96000000000
13894.4500000000	8291.70000000000	3480.27000000000
12377.8700000000	7015.20000000000	4309.88000000000
20025.8100000000	579.780000000000	-5719.48000000000
21533.4100000000	366.280000000000	-5985.47000000000
20750.6500000000	1242.96000000000	-6231.50000000000
14660.8700000000	9656.88000000000	-3683.77000000000
14660.8700000000	8373.49000000000	-4523.28000000000
16211.8170000000	6864.70000000000	-5421.51000000000
16901.5330000000	7632.05000000000	-4947.53000000000
3848.80000000000	3504.48900000000	-4175.23000000000
4697.40000000000	1808.58200000000	-4577.44000000000
52.7000000000007	3480.16800000000	24.5730000000000
-482	1267.01000000000	36.0050000000000
221.299999999999	3422.94800000000	-1018.14600000000
-310.199999999997	2240.31900000000	-842.624000000000
197.400000000001	3384.42000000000	945.040000000000
-216.200000000001	2386.83200000000	790.160000000000
-502.099999999999	1293.50000000000	-991.573000000000
-186.399999999998	1194.67000000000	1218.60000000000
-261.500000000000	414.760000000000	-991.573000000000
423.100000000002	-430.640000000000	-991.573000000000
924.600000000000	-554.990000000000	69.1170000000000
542.500000000000	14.1000000000004	1250.55000000000
7762.73000000000	2280.76300000000	4485.74000000000
7763.10000000000	862.630000000000	3473.46000000000
9295.94000000000	890.490000000000	3447.57000000000
9301.07000000000	2284.00100000000	4486.20000000000
6993.30000000000	1478.03000000000	3954.04000000000
8539.66000000000	402.380000000000	2838.87000000000
10064.8000000000	1494.36000000000	3921.16000000000
8529.52000000000	2816.64050000000	4705.84000000000
5518.20000000000	1443.05000000000	3883.79000000000
6996.70000000000	2835.60920000000	4688.21000000000
6216.20000000000	3460.35300000000	4705.08000000000
5346.20000000000	3483.54200000000	4558.31000000000
4717.70000000000	2274.72400000000	4199.46000000000
6230.30000000000	848.390000000000	3486.70000000000
3354.30000000000	4336.08000000000	3616.90000000000
2535.80000000000	3262.98600000000	3704.82000000000
3279.50000000000	2425.33000000000	4013.12000000000
3931	5008.38000000000	3477.18000000000
4690.10000000000	4589.92000000000	4115.21000000000
10830.8600000000	2278.54400000000	4513.55000000000
12361.6100000000	938.110000000000	3403.30000000000
12361.6100000000	2018.31200000000	4431.66000000000
11776.9700000000	2562.86700000000	4700.69000000000
28598.6000000000	2485.53300000000	3154.23000000000
30075	176.180000000000	3210.12000000000
29227	179.130000000000	4029.55000000000
28402.4000000000	1326.15000000000	3991.33000000000
28456	-4335.94000000000	3118.91000000000
29222.8000000000	-4672.20000000000	2520.66000000000
29823.9000000000	-4803.62000000000	1845.87000000000
30733.9000000000	-4160.70000000000	2043.09000000000
30706.9000000000	-3036.47000000000	3038.63000000000
29697.4000000000	-2897.49000000000	3960.16000000000
29222.8000000000	-3745.69000000000	3691.84000000000
7716.94000000000	-777.260000000000	1004.67000000000
8519.04000000000	-885.460000000000	24.8300000000000
10062.6100000000	-826.380000000000	27.8120000000000
8529.52000000000	-448.170000000000	1643.28000000000
9295.57000000000	-770.340000000000	-999.252000000000
10059.6100000000	-563.110000000000	-2046.50000000000
11595	-611.230000000000	-2044.33000000000
12433.1500000000	-848.830000000000	-993.072000000000
11596.0100000000	-774.880000000000	31.7030000000000
6996.40000000000	-521.560000000000	-1911.84000000000
8521.80000000000	-549.230000000000	-1915.84000000000
7642.25000000000	-827.420000000000	-953.132000000000
6230.30000000000	-335.600000000000	-2505.66000000000
6997.40000000000	29.1400000000003	-3107.89000000000
8461.63000000000	-107.930000000000	-3071.15000000000
6222.40000000000	-169	2137.87000000000
7757.29000000000	-193.250000000000	2147.08000000000
5445.80000000000	416.380000000000	2829.53000000000
6996.70000000000	-486.270000000000	1678.69000000000
30963.9000000000	-1986.51000000000	2819.56000000000
30635.6000000000	-795.800000000000	2958.47000000000
30391.7000000000	-1986.51000000000	3606.64000000000
29793.5000000000	-1057.77000000000	3981.30000000000
31439.6000000000	-1986.51000000000	2056.87000000000
29433.6000000000	-1961.35000000000	4369.19000000000
3670.80000000000	6964.49000000000	-1071.12900000000
4385.30000000000	6912.96000000000	-2165.74000000000
5609.30000000000	7594.58000000000	-1946.94000000000
2100.60000000000	5942.13000000000	164.040000000000
3111.80000000000	6820.64000000000	14.2860000000000
1853.30000000000	5527.35000000000	-818.401000000000
2483.10000000000	5616.20000000000	-1955.10000000000
3299.10000000000	6379.70000000000	-1832.49000000000
25546.7800000000	-2885.88000000000	3917.24000000000
27690	-3803.70000000000	3745.76000000000
27690	-2643.07000000000	4699.37000000000
26924.1400000000	-1898.76000000000	4978.70000000000
26157.1600000000	-2476.80000000000	4544.84000000000
26157.1600000000	-3609.25000000000	3565.04000000000
26900.1600000000	-4220.95000000000	3083.89000000000
28446.7000000000	-3288.94000000000	4265.93000000000
7186.86000000000	7408.55000000000	1895.47000000000
5463.80000000000	6334.41000000000	2677.31000000000
7763.10000000000	7154.67000000000	2423.51000000000
6048.90000000000	6122.30000000000	3255.86000000000
15514.1500000000	6959.07000000000	4374.48000000000
15592.1600000000	8277.55000000000	3248.53000000000
17023.2904000000	6887.55000000000	4118.84000000000
14663.5200000000	7658.60000000000	3939.42000000000
16678.3470000000	7707.52000000000	2906.35000000000
16193.7100000000	6330.96000000000	4706.39000000000
9893.81000000000	9388.97000000000	1228.17000000000
9495.83000000000	8712.81000000000	1825.05000000000
10878.9700000000	9832.03000000000	901.950000000000
11595.1900000000	9575.89000000000	1625.36000000000
12299.5100000000	10193.1100000000	1108.42000000000
13894.4500000000	10466.6100000000	1437.04000000000
13894.4500000000	9468.46000000000	2541.66000000000
13303.6200000000	10686.4800000000	858.050000000000
14656.6000000000	9877.47000000000	1980.64000000000
1849.50000000000	5533.79000000000	872.530000000000
2540.40000000000	5593.51000000000	1979.34000000000
3164.60000000000	6244.02000000000	1577.15000000000
4679.70000000000	5773.21000000000	3043.54000000000
6058.40000000000	4771.50000000000	4501.08000000000
11734.6600000000	10668.3500000000	-744.159000000000
10118.9900000000	9976.40000000000	-11.4680000000000
11442.9300000000	10453.8500000000	207.159000000000
850.200000000001	3500.11800000000	2049.21000000000
538.800000000003	1140.86000000000	2343.09000000000
1597.10000000000	1304.47000000000	3116.63000000000
231	2243.20500000000	1947.43000000000
1697.60000000000	3433.30500000000	3039.88000000000
2005.70000000000	2386.83200000000	3593.32000000000
1615.70000000000	4580.57000000000	2065.64000000000
3388.90000000000	5392.65000000000	2817.53000000000
17680.1810000000	7143.25000000000	3037.78000000000
18467.2200000000	7096.95000000000	2032.92000000000
19259.3900000000	6110.95000000000	4501.92000000000
19847.4600000000	6302.72000000000	3900.45000000000
18411.5600000000	6531.35000000000	3916.92000000000
19265.5100000000	7442.27000000000	-96.6160000000000
20025.2700000000	7513.59000000000	-983.097000000000
21567.9100000000	7608.64000000000	-1013.79500000000
22328.7500000000	7848.18000000000	28.9850000000000
20025.8100000000	7323.15000000000	547.804000000000
13262.2900000000	-821.440000000000	-33.1000000000000
31997.8000000000	77.6199999999999	-108.362000000000
31854.3000000000	-893.170000000000	805.890000000000
31350.1000000000	-1090.21000000000	1892.90000000000
31734.8000000000	1301.16000000000	55.5610000000000
32108.2000000000	-893.170000000000	24.5730000000000
30920.7000000000	192.630000000000	2128.31000000000
1225.20000000000	5153.52000000000	24.5730000000000
596.200000000001	4344.79000000000	24.5730000000000
449.200000000001	699.870000000000	2056.87000000000
1594.90000000000	-551.030000000000	959.940000000000
2398.20000000000	-416.620000000000	1613.95000000000
2398.20000000000	545.050000000000	2752.48000000000
3169.90000000000	-24.0300000000002	2279.50000000000
3931	-537.570000000000	1726.36000000000
2232.80000000000	-1056.90000000000	92.6189999999999
3940.80000000000	-1344.81000000000	4.81799999999998
4696.40000000000	-1007.86000000000	1104.73000000000
3176	1073.64000000000	3274.76000000000
4621.40000000000	-75.4900000000002	2213.02000000000
4525.40000000000	885.200000000000	3224.39000000000
4119.50000000000	1458.69000000000	3685.71000000000
27690	-4857.26000000000	-2643.50000000000
28986	-3892.02000000000	-3780.34000000000
29222.8000000000	-4817.11000000000	-2606.19000000000
28464.8000000000	-5180.88000000000	-1901.92000000000
26861.1800000000	-4423.43000000000	-3188.85000000000
29991.6000000000	-4192.19000000000	-3052.38000000000
20188.0800000000	-2576.58000000000	-738.989000000000
20873.5400000000	-2852.63000000000	41.2590000000000
15624.7200000000	9067.21000000000	2187.51000000000
24617.6800000000	216.890000000000	-6077.63000000000
23887.5700000000	-2823.36000000000	-3899.32000000000
22321.1000000000	1298.56000000000	-6349.22000000000
23812.5500000000	1295.61000000000	-6023.37000000000
26342.7800000000	-3729.43000000000	-3873.69000000000
25501.8200000000	-3982.44000000000	-3044.46000000000
24451.4400000000	-3539.06000000000	-3221.45000000000
4510.10000000000	-429.790000000000	-2841.57000000000
5406.60000000000	-637.500000000000	-1977.34000000000
4693.20000000000	-1280.73000000000	-960.871000000000
5553.90000000000	1088.95000000000	-4311.73000000000
5531.50000000000	-49.5999999999999	-3191.92000000000
6230.30000000000	515.450000000000	-3746.98000000000
72.5000000000000	2408.28000000000	-1985.93000000000
-224.599999999999	1293.50000000000	-1779.84000000000
6937.90000000000	5724.07000000000	-4189.32000000000
3340.30000000000	4338.08000000000	-3588.18000000000
4382.10000000000	5830.29000000000	-3166.84000000000
3931	5072.58000000000	-3487.71000000000
8457.65000000000	4652.31000000000	-5161.42000000000
7763.10000000000	5240.69000000000	-4660.10000000000
6230.30000000000	6290.80000000000	-3603.78000000000
5462.80000000000	6763.58000000000	-3026.61000000000
14660.8700000000	10613.3100000000	-2540.38000000000
13965.1600000000	10971.6500000000	-1960.03000000000
13128.0200000000	11134	-992.508000000000
15103.8800000000	10672.1600000000	-2007.72000000000
17746.9320000000	7930.57000000000	-4106.54000000000
17788.0140000000	8171.33000000000	-2007.92000000000
18409.3300000000	7809.76000000000	-3056.28000000000
16710.1610000000	9177.31000000000	-991.573000000000
17361.8460000000	8426.58000000000	-991.573000000000
15616.2100000000	10364.2600000000	-991.513000000000
30188	4573.50000000000	-1761.15000000000
30516.2000000000	4368.93000000000	-185.605000000000
29794.3000000000	4430.62000000000	914.130000000000
29000.3000000000	5525.68000000000	895.090000000000
30299.6000000000	3717.79500000000	-2202.48000000000
31021.1000000000	3654.58100000000	-1069.73700000000
25351.3800000000	6705.14000000000	-989.310000000000
28235.5000000000	5360.94000000000	1794.89000000000
27690	6282.21000000000	1612.65000000000
24624.3200000000	7247.19000000000	-428.058000000000
25396.5200000000	6658.53000000000	2875.35000000000
28616.7000000000	3710.78000000000	2483.72000000000
28899.7000000000	4350.75000000000	1874.81000000000
27690.4000000000	2390.87800000000	4077.68000000000
26786.4300000000	2211.90600000000	4760.89000000000
26157.1600000000	2963.14000000000	4624.78000000000
12344.1300000000	4474.33000000000	-5752.74000000000
13889.4600000000	4615.25000000000	-5865.49000000000
14826.1100000000	5477.53000000000	-5677.28000000000
15427.2900000000	6178.38000000000	-5531.58000000000
7784.70000000000	7813.36000000000	-2980.23000000000
6774.80000000000	7037.46000000000	-3267.39000000000
10049.7400000000	3324.50300000000	-5683.59000000000
9110.16000000000	3736.31000000000	-5540.52000000000
11588.5500000000	3483.18900000000	-5821.79000000000
23887.5700000000	4652.49000000000	-5157.74000000000
23879.8700000000	3399.35300000000	-5818.86000000000
24656.8100000000	2415.30700000000	-5679.72000000000
18637.4700000000	-1829.26000000000	-1970.43000000000
17577.2760000000	-247.900000000000	1259.24000000000
13837.7400000000	-1033.38000000000	-1070.42500000000
14661.9700000000	-891.170000000000	-2004.20000000000
13207.6700000000	484.170000000000	2890.87000000000
30017.5000000000	219.360000000000	-3110.08000000000
30510.8000000000	1165.55000000000	-2816.98000000000
29945.1000000000	2433.56400000000	-2925.95000000000
18492.9700000000	720.930000000000	-5588.30000000000
19241	1288.38000000000	-6079.84000000000
6972.60000000000	8169.14000000000	-2043.41000000000
9140.32000000000	9412.34000000000	250.886000000000
769.300000000001	3548.69100000000	-2071.96000000000
2563.80000000000	4470.73000000000	-2938.83000000000
1660.60000000000	4603.30000000000	-2056.81000000000
7923.49000000000	575.700000000000	-3903.64000000000
10816.2400000000	2526.14500000000	-5636.01000000000
9295.94000000000	-405.190000000000	-2570.34000000000
13985.1500000000	2410.08500000000	-6031.34000000000
13223.4400000000	3481.31700000000	-6008.41000000000
14660.8700000000	1665.27000000000	-5726.78000000000
12940.6000000000	-279.020000000000	-3220.71000000000
12361.6100000000	-442.820000000000	-2605.31000000000
31988.4000000000	-1986.51000000000	-1241.67700000000
29892.1000000000	-4993.49000000000	-1882.76000000000
29356	-5370.39000000000	-1048.10300000000
30007.9000000000	-5280.44000000000	19.9050000000000
31667.3000000000	-1986.51000000000	-2007.72000000000
32066	-1998.63000000000	41.0730000000000
31353.6000000000	-4039.37000000000	891.050000000000
31721.2000000000	-3079.84000000000	1040.72000000000
31835.7000000000	-1983.11000000000	1118.77000000000
30421.8000000000	-4790.26000000000	1040.72000000000
31023.4000000000	3215.25200000000	24.5730000000000
31467.4000000000	2371.76000000000	-991.231000000000
15439.4000000000	2307.03600000000	-6146.87000000000
18494.6500000000	2407.66200000000	-6351.69000000000
16198.0230000000	3473.31800000000	-6276.73000000000
17730.7970000000	3471.84800000000	-6384.59000000000
13891.5000000000	-444.580000000000	-2908.53000000000
19259.7800000000	2304.38900000000	4820.01000000000
16974.8750000000	3490.82600000000	5111.39000000000
18447.1500000000	3492.79800000000	5139.58000000000
16191.7320000000	2485.74500000000	4770.59000000000
23857.9000000000	-3634.18000000000	-2522.92000000000
24625.1300000000	-4178.19000000000	-2013.74000000000
22625.3900000000	-738.420000000000	3966.86000000000
22325.0600000000	695.170000000000	4645.25000000000
21520.1000000000	1409.94000000000	4718.05000000000
22909.5900000000	-24.1599999999999	4538.80000000000
20785.6100000000	2338.40600000000	4806.28000000000
23798.0100000000	7649.96000000000	50.6850000000000
23898.2700000000	7795.30000000000	1994.81000000000
22936.9300000000	7976.30000000000	1095.48000000000
24624.3200000000	7335.96000000000	2592.01000000000
20810.4900000000	7474.55000000000	-2019.06000000000
21189.7700000000	7327.29000000000	-3023.87000000000
22689.6400000000	6186.93000000000	-4040.01000000000
21658.7900000000	6949.75000000000	-4083.23000000000
22833.8400000000	5513.40000000000	-4905.16000000000
31605.1000000000	-908.380000000000	-2031.43000000000
31300.2000000000	200.160000000000	-2255.19000000000
22309.0900000000	5840.50000000000	4251.22000000000
23946.7300000000	6819.01000000000	3128.36000000000
23091.4800000000	6319.36000000000	3679.47000000000
23113.5800000000	3517.70800000000	5130.39000000000
23857.3700000000	2379.05500000000	5347.62000000000
25411.2300000000	2447.32500000000	5162.59000000000
22333.5000000000	4644.80000000000	4853.48000000000
23091.4800000000	7315.12000000000	2572.64000000000
21558.6400000000	6312.96000000000	3673.52000000000
20877.2800000000	5994.79000000000	4289.25000000000
19254.2800000000	7177.52000000000	1000.18000000000
25552.0100000000	-1798.02000000000	4716.30000000000
24666.0400000000	-719.700000000000	4886.87000000000
23964.2500000000	225.460000000000	4978.42000000000
3753.30000000000	6124.71000000000	2246.83000000000
8586.53000000000	8864.26000000000	991.090000000000
8528.24000000000	7886.55000000000	2049.30000000000
13115.1200000000	2476.33700000000	4765.81000000000
13896.9300000000	3373.22700000000	5205.32000000000
15424.9300000000	3427.09400000000	5146.76000000000
25368.1500000000	-5003.43000000000	23.0150000000000
26203.4500000000	-5149.65000000000	988.160000000000
26902.8400000000	-4898.75000000000	1969.06000000000
27690	-4709.59000000000	2555.40000000000
25201.3200000000	-4716.32000000000	-1245.22200000000
8655.18000000000	4588.17000000000	5017.29000000000
9268.52000000000	5574.35000000000	4771.35000000000
6973.60000000000	4470.21000000000	4788.72000000000
10803.8400000000	5588.35000000000	4985.63000000000
9977.70000000000	4546.23000000000	5177.77000000000
11595.1900000000	6328.70000000000	4704.29000000000
13799.6100000000	6961.37000000000	4358.98000000000
13128.0300000000	6369	4741.75000000000
12320.0800000000	5677.69000000000	5119.03000000000
20023.6100000000	2397.78200000000	-6409.79000000000
21554.5400000000	2377.02600000000	-6330.02000000000
16184.2730000000	5720.36000000000	-5707.55000000000
16960.1290000000	6318.12000000000	-5661.46000000000
17823.6270000000	6982.73000000000	-5387.21000000000
18492.9700000000	7433.86000000000	-4666.14000000000
911.100000000000	4548.14000000000	-1050.36600000000
7760.83000000000	3449.30800000000	4884.85000000000
10062.3600000000	2772.01875000000	4747.31000000000
9293.49000000000	3442.08400000000	4909.36000000000
2398.20000000000	1836.90200000000	3584.12000000000
10803.7700000000	3467.86200000000	5117.87000000000
12368.6000000000	3408.81400000000	5179.20000000000
28898.4000000000	-893.170000000000	4675.17000000000
28346.9000000000	19.2599999999998	4791.92000000000
27589.8000000000	1144.19000000000	4833.73000000000
28464	-4966.22000000000	1983.28000000000
31385.6000000000	-2923.45000000000	1923.71000000000
29220.4000000000	-5261.89000000000	1006.55000000000
6303.60000000000	-932.110000000000	1064.89000000000
6983.40000000000	-1141.28000000000	22.1980000000000
13125.9300000000	-642.410000000000	-2035.96000000000
6212.30000000000	-1025.76000000000	-1097.84300000000
5463.80000000000	-520.310000000000	1710.33000000000
28407.8000000000	-1921.18000000000	4919.10000000000
3931	6240.19000000000	-2540.60000000000
6230.30000000000	7435.79000000000	-2635.64000000000
3341.40000000000	5434.92000000000	-2816.99000000000
26011.6200000000	-931.910000000000	5237.45000000000
27800.6000000000	-825.790000000000	5219.91000000000
15431.8600000000	5559.95000000000	5030.80000000000
14660.8700000000	6337.99000000000	4712.93000000000
16342.8980000000	8307.83000000000	2281.32000000000
16907.7450000000	5647.69000000000	4972.97000000000
17726.5480000000	6214.93000000000	4598.55000000000
17382.8610000000	7581.49000000000	1923.58000000000
12326.8200000000	10768.0500000000	-77.8540000000000
15441.1100000000	9887.15000000000	1049.48000000000
14481.3600000000	10657.8100000000	836.610000000000
13880.0100000000	11181.3300000000	65.2880000000000
18325.1100000000	7377.88000000000	821.220000000000
20038.5600000000	5614.74000000000	4889.50000000000
18575.5100000000	5529.65000000000	5015.86000000000
19328.4500000000	4669.62000000000	5206.71000000000
17751.8520000000	7884.94000000000	8.35999999999996
18405.4300000000	7740.71000000000	-1045.47200000000
19113.4800000000	7627.33000000000	-2006.31000000000
31890.9000000000	367.340000000000	-1123.23900000000
31743.3000000000	1293.50000000000	-991.573000000000
32000.1000000000	-882.920000000000	-905.533000000000
5455.70000000000	-1337.62000000000	10.9890000000000
26909.3900000000	-4991.25000000000	-2065.30000000000
27617.7000000000	-5421.14000000000	-1083.24200000000
25977.3600000000	-4661.93000000000	-2223.58000000000
16259.8850000000	9005.11000000000	997.850000000000
23090.2100000000	2386.31000000000	-6071.58000000000
14721.8800000000	11194.7200000000	-990.697000000000
19278.7500000000	7475.56000000000	-3933.04000000000
20034.9000000000	7507.98000000000	-3041.17000000000
16788.5650000000	8827.89000000000	-114.838000000000
15938.8000000000	9870.60000000000	-181.468000000000
15107.2400000000	10676.9500000000	24.5730000000000
30893.4000000000	2305.55200000000	-2118.95000000000
26326.2600000000	1353.32000000000	5283.56000000000
14592.6100000000	3579.27900000000	-6186.58000000000
15418.0700000000	4461.35000000000	-6007.37000000000
22981.6300000000	4433.41000000000	-5796.46000000000
22263.6600000000	3461.26900000000	-6044.20000000000
31376.4000000000	1143.01000000000	-1886.08000000000
28456	-5474.50000000000	21.0330000000000
19255.2700000000	3473.79400000000	-6453.72000000000
16983.8717000000	4534.69000000000	-6049.33000000000
18496.0400000000	4551.25000000000	-6309.24000000000
20019.3000000000	3358.07700000000	5186.27000000000
17734.2190000000	4577.43000000000	5053.59000000000
16192.0900000000	4570.81000000000	5251.72000000000
23085.1100000000	1236.69000000000	5141.48000000000
22222.9200000000	2348.76400000000	5182.44000000000
21571.0500000000	3496.51100000000	5204.62000000000
20610.2800000000	7353.05000000000	-3816.11000000000
20025.8100000000	7218.04000000000	-4465.55000000000
22143.6000000000	6252.28000000000	-4824.70000000000
21558.6400000000	6111.74000000000	-5469.65000000000
20822.1600000000	6774.02000000000	-5123.25000000000
22134.7000000000	5425.76000000000	-5595.86000000000
21558.6400000000	5276.27000000000	4742.30000000000
24629.9300000000	1296.96000000000	5391.83000000000
20837.0400000000	4645.16000000000	5150.37000000000
25401.2000000000	216.560000000000	5417.82000000000
13127.5200000000	4569.70000000000	5375.06000000000
14658.0400000000	4569.53000000000	5279.83000000000
26774.8700000000	-5432.21000000000	22.3690000000000
26266.7200000000	-5193.78000000000	-952.349000000000
27625.9000000000	-5297.75000000000	1078.54000000000
11598.4700000000	4570.94000000000	5327.78000000000
13825.0300000000	5655.03000000000	5095.90000000000
20785.5800000000	3471.22300000000	-6246.65000000000
17792.8770000000	5597.32000000000	-5895.92000000000
18492.9700000000	6373.61000000000	-5713.03000000000
19239.9400000000	6957.51000000000	-5120.18000000000
27099.3000000000	283.920000000000	5288.99000000000
17129.8697000000	8056.27000000000	1055.15000000000
21435.7000000000	4517.36000000000	-5993.86000000000
20020	4557.27000000000	-6284.74000000000
19259.5900000000	5670.27000000000	-6076.43000000000
20716.9900000000	5498.26000000000	-5918.68000000000
20025.8100000000	6275.75000000000	-5622.08000000000