105791.620000000	6077.49000000000	-5314.82000000000
108332.720000000	5190.98000000000	-5234.54000000000
85261.5000000000	6274.27000000000	-2074.98000000000
86161.6000000000	7587.97000000000	-3851.04000000000
83771.7000000000	7413.93000000000	-3050.75000000000
88576.5000000000	11573.2300000000	-4595.48000000000
95470.5900000000	17063.7200000000	-2822.20000000000
99343.3870000000	16309.7600000000	-3182.70000000000
112242.500000000	13091.5500000000	-1042.69100000000
110643	14062.8800000000	-10.1800000000000
109808.360000000	11875.5000000000	3107.59000000000
94514.5600000000	15097.5400000000	-4061.39000000000
96023.6800000000	13894.3800000000	-4937.33000000000
92208.6300000000	13999.4900000000	-4063.65000000000
93820.5400000000	12876.5600000000	-4962.16000000000
109101.190000000	10718.1950000000	-5092.25000000000
101676.590000000	5458.37000000000	-87.6520000000000
101912.250000000	6200.41000000000	2219.95000000000
99132.1640000000	6650.16000000000	63.2910000000001
97575.5600000000	6807.19000000000	1939.71000000000
111503.500000000	8479.02000000000	-4221.83000000000
109204.630000000	8709.57000000000	-5396.22000000000
110622.100000000	4246.17000000000	-4717.29000000000
102198.410000000	6420.75000000000	-4053.29000000000
92107.9200000000	16353.7500000000	-2028.25000000000
84690	9413.93800000000	-3676.82000000000
89936.4000000000	9626.90400000000	-5052.22000000000
92193.7700000000	8691.98000000000	-4954.94000000000
95293.0300000000	8511.58000000000	-5171.25000000000
114243.100000000	3173.26000000000	-976.851000000000
113465.600000000	9622.83200000000	1273.69000000000
99884.1290000000	8095.79000000000	-5468.25000000000
98359.2800000000	7344.68000000000	-4075.46000000000
100652.891000000	8496.69000000000	4173.87000000000
105272.290000000	4125.35000000000	-2076.91000000000
103718.570000000	5222.83000000000	-3062.77000000000
99859.8220000000	6310.88000000000	-3053.48000000000
103012.860000000	7596.75000000000	3879.30000000000
99126.2190000000	7296.83000000000	3142.92000000000
93745.3700000000	7201.48000000000	2139.90000000000
109112.230000000	14684.4600000000	893.420000000000
105999.640000000	13874.1100000000	-1935.95000000000
107443.340000000	12715.6200000000	-3037.63000000000
109789.890000000	13120.7400000000	-2039.16000000000
113345.100000000	5249.49000000000	-3605.42000000000
107631.900000000	11794.3400000000	4246.42000000000
104522.360000000	14294.4300000000	2115.90000000000
104425.330000000	5138.13000000000	2172.75000000000
106577.930000000	4992.12000000000	3308.64000000000
93750.4500000000	7537.37000000000	-3927.95000000000
111533.500000000	11808.0500000000	-3207.19000000000
87795.9000000000	14600.1600000000	808.190000000000
89778.2000000000	15508.3600000000	215.940000000000
97687.9100000000	8559.40000000000	4054.69000000000
107577.930000000	3180.21000000000	2088.71000000000
106067.110000000	3236.57000000000	21.3180000000000
90687.1000000000	13572.7000000000	3686.58000000000
92986.3600000000	14451.4800000000	3487.17000000000
95236.3100000000	15245.7500000000	3337.25000000000
103465.590000000	7132.85000000000	-5351.06000000000
96781.8800000000	16208.3500000000	-4112.65000000000
98418.1800000000	14960.2000000000	-4907.80000000000
87204.8000000000	9622.83200000000	-4601.40000000000
82599.4000000000	9856.72200000000	15.5730000000000
82924.7000000000	7236.15000000000	-9.23699999999997
91456.8600000000	8739.60000000000	3917.17000000000
89166.9000000000	9521.90300000000	4440.33000000000
86763.2000000000	10752.7580000000	4182.25000000000
94511.3600000000	8727.82000000000	3898.23000000000
112140.800000000	8525.97000000000	2994.68000000000
112712	3125.30000000000	2998.59000000000
92221.8900000000	6654.80000000000	1095.36000000000
93752.8100000000	6475.31000000000	-1006.08100000000
90687.1000000000	6903.81000000000	-2511.49000000000
89913.3000000000	7605.28000000000	2859.25000000000
87577.9000000000	14686.7200000000	-1040.05300000000
85454.5000000000	13543.1300000000	-754.974000000000
109768.490000000	4045.21000000000	4180.26000000000
89119.8000000000	14199.3700000000	2164.25000000000
98926.9000000000	14897.0700000000	3648.32000000000
93769.5900000000	16093.0500000000	2101.83000000000
96070.0600000000	17031.3900000000	1927.38000000000
85675.1000000000	13492.7200000000	1031.72000000000
88609.7000000000	12639.9900000000	3838.68000000000
93656.6100000000	17428.9000000000	-1039.21500000000
83964.3000000000	9518.10500000000	2906.46000000000
85464.7000000000	11726.7200000000	2996.66000000000
102061.590000000	13882.6900000000	3024.37000000000
103707.850000000	14804.0900000000	40.3440000000000
95288.3600000000	6680.43000000000	939.680000000000
114506.700000000	7408.28000000000	1053.53000000000
83827.9000000000	11781.2000000000	999.420000000000
84542.5000000000	7397.80000000000	2055.45000000000
86065.8000000000	6316.69000000000	1048.39000000000
86855	7801.01000000000	2724.92000000000
111376.600000000	2623.03000000000	-3137.52000000000
97588.0100000000	16174.7900000000	3054.38000000000
104484.150000000	6346.07000000000	-5061.92000000000
105249.060000000	5660.90000000000	-4682.80000000000
105249.060000000	6758.66000000000	-5694.83000000000
106756.790000000	6438.33000000000	-5724.28000000000
106843.680000000	5321.13000000000	-4995.95000000000
106007.830000000	7473.49000000000	-6108.97000000000
107548.320000000	5840.58000000000	-5531.94000000000
105843.170000000	5053.57000000000	-4259.07000000000
107548.320000000	4659.36000000000	-4597.48000000000
108327.300000000	6446.15000000000	-5750.28000000000
109250.050000000	4309.16000000000	-4699.04000000000
109850.430000000	5109.76000000000	-5256.05000000000
109270.660000000	6096.83000000000	-5545.03000000000
108242.130000000	4046.61000000000	-4163.65000000000
83879.4000000000	6616.99000000000	-1881.32000000000
84728.4000000000	6772.58000000000	-2862.34000000000
86089.6000000000	6736.12000000000	-2944.68000000000
85322.2000000000	7041.06000000000	-3400.08000000000
86891.6000000000	6300.17000000000	-2047.41000000000
86099	5952.47000000000	-987.191000000000
84472	6286.35000000000	-1002.30100000000
85299.8000000000	8500.85000000000	-4084.49000000000
86867.6000000000	8568.91000000000	-4414.80000000000
86855	7041.38000000000	-3399.78000000000
84740	7664.56000000000	-3592.49000000000
87640.1000000000	7643.14000000000	-3862.97000000000
83361.9000000000	8529.50000000000	-2897.10000000000
84128	8529.50000000000	-3600.04000000000
82992.3000000000	7417.94000000000	-2022.66000000000
89154.3000000000	12243.8800000000	-4452.72000000000
87603.5000000000	11856.6300000000	-4138.33000000000
87763.3000000000	10489.8130000000	-4666.67000000000
89250.4000000000	10722.2090000000	-4978.69000000000
89899	11730.6900000000	-4811.39000000000
88414.8000000000	12749.9100000000	-3807.36000000000
94571.7000000000	16398.5700000000	-3230.25000000000
96052.0300000000	16691.2200000000	-3505.35000000000
96742.7800000000	17380.0400000000	-3140.76000000000
96052.0300000000	17718.7300000000	-2428.03000000000
94490.9300000000	17385.1700000000	-2061.88000000000
95494.0400000000	15921.5400000000	-3847.64000000000
95471.2300000000	17876.5500000000	-1804.66000000000
98323.9900000000	17209.5400000000	-3060.21000000000
99706.1650000000	15688.9700000000	-3825.95000000000
99832.5530000000	16083.6600000000	-2036.32000000000
98937.7300000000	17051.3100000000	-1969.26000000000
98376.3400000000	16182.5800000000	-4136.40000000000
99117.7100000000	15551.7200000000	-4478.59000000000
100265.379000000	15633.3800000000	-3032.87000000000
111192.400000000	13461.8400000000	-753.248000000000
112651.400000000	12745.7900000000	-195.400000000000
110614	13378.3600000000	-1442.52000000000
111391.500000000	13004.6700000000	-2098.03000000000
112380.200000000	12134.3200000000	-2304.99000000000
113234.600000000	12143.2600000000	-1166.36900000000
111740.200000000	13416.1000000000	15.5730000000000
109782.050000000	13770.4300000000	-848.829000000000
111036.900000000	13707.9900000000	891.050000000000
109256.340000000	14427.0600000000	-152.634000000000
110005.400000000	14316.2400000000	1119.21000000000
109062.120000000	12916.8800000000	3006.18000000000
109622.290000000	10597.7130000000	3979.99000000000
108931.840000000	11624.2100000000	3709.97000000000
110195.400000000	13122.5000000000	2231.50000000000
110778.800000000	12035.4700000000	2476.44000000000
110655.500000000	10780.1270000000	3191.05000000000
93136.9300000000	14921.7400000000	-3693.45000000000
94693.0600000000	13799.0500000000	-4651.43000000000
93706.5000000000	14126.4100000000	-4213.61000000000
95285.6100000000	14515.8700000000	-4532.02000000000
96081.1800000000	15195.8400000000	-4431.50000000000
93752.7800000000	15615.2100000000	-3521.46000000000
95249.8900000000	12911.5000000000	-5261.29000000000
96838.4300000000	13015.6600000000	-5460.28000000000
97510.3400000000	14076.6900000000	-5151.63000000000
96052.0300000000	12394.1900000000	-5608.57000000000
96971.2300000000	14916.2800000000	-4701.60000000000
91453.5200000000	14570.5600000000	-3566.70000000000
90727.2700000000	13854.1800000000	-3840.70000000000
92301.9400000000	12708.7500000000	-4835.07000000000
91266.0200000000	13097.0400000000	-4478.09000000000
92986.3600000000	13411.4000000000	-4521.67000000000
92175.1000000000	15241.0600000000	-3271.31000000000
92995.2900000000	11744.3600000000	-5430.49000000000
94519.1900000000	12245.3600000000	-5470.24000000000
93940.1100000000	11575.7100000000	-5615.64000000000
108168.120000000	11457.8400000000	-4932.71000000000
109732.310000000	9570.51000000000	-4869.19000000000
107722.700000000	10946.8440000000	-5510.75000000000
108443.920000000	9835.04600000000	-5433.66000000000
110018.800000000	10962.2100000000	-4504.70000000000
109065.070000000	11942.4300000000	-4097.03000000000
102055.970000000	5071.13000000000	-918.520000000000
102780.390000000	4767.34000000000	239.078000000000
100708.315000000	6484.78000000000	7.80599999999998
100948.966000000	5675.20000000000	-1000.57300000000
102320.440000000	5387.79000000000	1018.22000000000
101420.200000000	6348.08000000000	1033.90000000000
101006.830000000	6851.09000000000	2047.87000000000
102979.430000000	5482.91000000000	1912.27000000000
103010.540000000	6436.45000000000	2965.03000000000
101596.380000000	6816.12000000000	2862.01000000000
102183.390000000	7048.03000000000	3424.74000000000
97745.2200000000	6207.58000000000	78.7619999999999
98425.5000000000	6119.86000000000	-903.224000000000
99906.3046000000	6201.89000000000	-868.328000000000
99884.1290000000	6924.04000000000	491.539000000000
99260.6560000000	7028.45000000000	1221.12000000000
98378.6800000000	6668.26000000000	1067.35000000000
96677.4800000000	7079.87000000000	2192.09000000000
98502.0900000000	7020.42000000000	2234.32000000000
96052.0300000000	6876.38000000000	1551.98000000000
96880.4900000000	6495.64000000000	973.110000000000
97655.7800000000	7488.26000000000	2996.35000000000
110294.600000000	8317.31000000000	-4927.99000000000
111262.500000000	7230.91000000000	-4717.99000000000
112006	7388.03000000000	-3901.27000000000
112007.400000000	9379.61800000000	-3638.05000000000
110820.700000000	9575.30200000000	-4319.60000000000
112504.500000000	8529.50000000000	-3507.13000000000
108349.230000000	8572.58000000000	-5672.10000000000
108998.310000000	7462.73000000000	-5663.89000000000
109963.110000000	7415.40000000000	-5354.45000000000
111530.300000000	3981.77000000000	-4409.83000000000
109847.580000000	3775.95000000000	-4402.37000000000
111285.100000000	5235.16000000000	-4856.74000000000
110607.900000000	3230.43000000000	-3875.44000000000
101416.970000000	6922.93000000000	-4526.01000000000
102199.760000000	7342.49000000000	-5157.02000000000
103506.220000000	6095.80000000000	-4301.03000000000
101352.180000000	6097.56000000000	-3201.54000000000
100624.617000000	6723.50000000000	-3961.35000000000
102949.810000000	6724.45000000000	-4710.48000000000
102949.810000000	5783.40000000000	-3552.79000000000
102331.290000000	5644.28000000000	-2862.05000000000
90801.6000000000	15863.9400000000	-1872.14000000000
91453.5200000000	15688.9700000000	-2573.86000000000
93027.9200000000	16046.5900000000	-2887.42000000000
93139.3500000000	16853.4900000000	-1826.71000000000
92352.6200000000	16840.3400000000	-771.416000000000
93752.7800000000	16726.6200000000	-2522.10000000000
91325.1900000000	16365.8000000000	-1065.69100000000
85977.2000000000	9673.79100000000	-4196.98000000000
83792.8000000000	9629.85400000000	-3039.44000000000
85469.2000000000	10519.0890000000	-3670.93000000000
84560.4000000000	10671.4560000000	-2908.78000000000
91394.3700000000	9542.90600000000	-5280.27000000000
90633.4400000000	10802.3560000000	-5210.64000000000
89942.5000000000	8325.91000000000	-4233.18000000000
88379.7000000000	9581.10600000000	-4747.38000000000
89154.3000000000	8997.61000000000	-4630.09000000000
90828.4300000000	8668.71000000000	-4748.39000000000
92810.9000000000	9433.49400000000	-5473.76000000000
92986.3600000000	8036.38000000000	-4507.31000000000
91453.5200000000	8122.86000000000	-4426.94000000000
92219.9400000000	10167.8180000000	-5574.79000000000
93852.8000000000	8587.51000000000	-5021.46000000000
92202.1800000000	7557.84000000000	-3906.30000000000
94519.1900000000	7981.73000000000	-4558.10000000000
95268.3400000000	9716.48600000000	-5787.23000000000
96052.0300000000	9018.92000000000	-5626.43000000000
96052.0300000000	7867.97000000000	-4663.84000000000
95303.9100000000	7454.51000000000	-4054.24000000000
94519.1900000000	9169.55000000000	-5486.44000000000
96833.3500000000	8326.77000000000	-5252.89000000000
114470.500000000	4145.50000000000	-2007.94000000000
113719.700000000	2852.27000000000	-2011.53000000000
114817	4013.53000000000	170.154000000000
113997.200000000	2748.82000000000	174.095000000000
113582.300000000	2321.12000000000	-802.805000000000
114802.200000000	4320.52000000000	-831.610000000000
113411	10498.7570000000	846.160000000000
112558.400000000	10547.5390000000	1754.18000000000
114173.600000000	9622.83200000000	257.282000000000
113946.100000000	8743.30000000000	1218.62000000000
113160.900000000	8710.61000000000	2206.10000000000
112455.300000000	9849.67500000000	2232.17000000000
99184.4880000000	7747.56000000000	-4886.17000000000
99093.1780000000	8614.55000000000	-5737.40000000000
100635.530000000	8698.05000000000	-5995.93000000000
100728.124000000	7477.14000000000	-5022.09000000000
98127.1000000000	8275.31000000000	-5307.93000000000
99823.0010000000	9544.76800000000	-6251.29000000000
99726.0800000000	7040.70000000000	-4207.01000000000
97584.8700000000	7828.20000000000	-4700.79000000000
99117.7100000000	6836.72000000000	-3589.99000000000
98427.0200000000	6562.77000000000	-2859.64000000000
96821.3500000000	7342.69000000000	-4085.55000000000
97584.8700000000	6986.47000000000	-3450.81000000000
99884.1290000000	7816.77000000000	3726.42000000000
101588	7603.53000000000	3697.85000000000
100646.503000000	9711.37000000000	4810.06000000000
99884.1290000000	9131.07000000000	4537.20000000000
99122.5920000000	8510.73000000000	4138.97000000000
100668.707000000	7233.96000000000	3172.98000000000
102206.010000000	8311.89000000000	4219.79000000000
101416.970000000	9094.65700000000	4571.04000000000
103879.700000000	4628.19000000000	-1794.75000000000
104482.640000000	4664.35000000000	-2560.55000000000
106049.480000000	4222.97000000000	-3037.23000000000
106194.640000000	3574	-1779.16000000000
105611.780000000	3580.25000000000	-1000.57300000000
105060.010000000	4740.55000000000	-3255.22000000000
104460.960000000	4140.34000000000	-991.948000000000
104587.490000000	5360.84000000000	-3987.58000000000
102917.900000000	5064.06000000000	-2052.30000000000
100543.393000000	5869.66000000000	-1976.10000000000
99126.7410000000	6019.77000000000	-1999.55000000000
103716.220000000	6902.70000000000	3559.81000000000
104470.450000000	7426.35000000000	4100.50000000000
103565.100000000	8369.93000000000	4428.83000000000
102949.810000000	9048.52300000000	4613.92000000000
98351.2900000000	7933.67000000000	3617.78000000000
99890.4960000000	7157.12000000000	2041.36000000000
92986.3600000000	6820.12000000000	1604.27000000000
93756.2000000000	6614.92000000000	957.860000000000
94519.1900000000	6870.78000000000	1557.18000000000
94516.2400000000	7873.59000000000	2972.41000000000
92995.8500000000	7828.81000000000	2982.34000000000
92307.3200000000	7186.84000000000	2224.66000000000
95289.8400000000	7247.96000000000	2134.63000000000
93752.7800000000	8177.78000000000	3390.90000000000
107565.920000000	15107.5100000000	1010.03000000000
109159.580000000	14207.7600000000	2041.19000000000
108336.260000000	14633.1500000000	137.911000000000
108190.820000000	14736.0900000000	1883.69000000000
104648.980000000	14484.1200000000	-2249.68000000000
106164.460000000	13342.2100000000	-3243.70000000000
106781.900000000	13374.8600000000	-2455.42000000000
106817.270000000	14171.1000000000	-1107.69600000000
105249.060000000	14513.8100000000	-1481.67000000000
105196.620000000	13936.6500000000	-3054.17000000000
107363.660000000	13532.4500000000	-1830.56000000000
105848.200000000	14653.3100000000	-816.965000000000
107599.770000000	12063.1200000000	-4219.38000000000
108314.740000000	12315.7500000000	-3503.37000000000
108290.100000000	13045.9300000000	-2224.38000000000
106514	12758.5200000000	-3879.60000000000
109079.660000000	12571.7300000000	-2954.37000000000
110566.300000000	12696.8500000000	-2880.97000000000
109847.580000000	12324.6000000000	-3511.60000000000
109081.160000000	13437.8000000000	-1497.77000000000
112369.100000000	5265.75000000000	-4321.56000000000
113693.400000000	4170.12000000000	-3079.34000000000
113688	6338.04000000000	-3049.16000000000
112624.100000000	6115.78000000000	-3882.21000000000
112670.700000000	4330.81000000000	-3930.89000000000
114044.900000000	5249.49000000000	-2863.85000000000
111792.400000000	6342.83000000000	-4595.21000000000
110742.600000000	6315.35000000000	-5169.94000000000
106756.100000000	12895.4600000000	3976.43000000000
108314.740000000	12406.1000000000	3618.49000000000
107484.890000000	10543.2930000000	4915.42000000000
106613.270000000	11608.6000000000	4686.01000000000
106015.480000000	12313.7200000000	4548.78000000000
107737.140000000	13134.4600000000	3529.63000000000
108540.900000000	11010.4900000000	4325.45000000000
104462.430000000	14745.1500000000	1102.44000000000
105385.120000000	14725.1200000000	1889.58000000000
103791.660000000	13777.2600000000	3001.34000000000
102947.190000000	14004.2100000000	2063.23000000000
103548.140000000	14444.2800000000	1225.34000000000
105238.840000000	14007.1500000000	3067.21000000000
104541.100000000	4308.70000000000	1049.68000000000
105568.590000000	4313.64000000000	1884.64000000000
105363.570000000	5435.25000000000	2981.41000000000
103716.220000000	5760.60000000000	2588.99000000000
103558.130000000	4832.45000000000	1209.71000000000
104466.110000000	6203.03000000000	3315.74000000000
106015.480000000	4657.95000000000	2597.65000000000
106015.480000000	5719.90000000000	3642.96000000000
106602.810000000	3929.76000000000	2268.93000000000
107547.820000000	4082.39000000000	3139.41000000000
107543.310000000	5228.75000000000	4166.48000000000
106616.700000000	6122.89000000000	4266.42000000000
94517.3400000000	6983.39000000000	-3144.98000000000
92992.3200000000	6986.55000000000	-3144.35000000000
93752.7800000000	6786.89000000000	-2620.16000000000
110464.400000000	11739.2500000000	-3915.79000000000
111111.900000000	10512.4860000000	-3921.33000000000
112186.800000000	10731.9020000000	-3182.49000000000
86787.3000000000	14119.7500000000	1051.27000000000
88387.8000000000	14507.0200000000	1506.50000000000
87204.1000000000	14591.4300000000	15.5730000000000
88444.7000000000	15029.1200000000	-14.0360000000000
89203.4000000000	15009.9400000000	1039.31000000000
87649.1000000000	13950.3000000000	1967.53000000000
90047.0100000000	15744.8400000000	-760.992000000000
90798.3200000000	15999.5500000000	-36.6830000000000
88989.1000000000	15302.5100000000	-1080.99700000000
90474.9500000000	15336.9100000000	1300.27000000000
96818.4500000000	9172.80600000000	4498.41000000000
96818.4500000000	8078.65000000000	3483.02000000000
98351.2900000000	9159.04400000000	4511.20000000000
96037.4300000000	8685.33000000000	3933.55000000000
97586.0300000000	9708.78400000000	4790.50000000000
106786.550000000	3051.56000000000	1048.22000000000
108917.210000000	2640.15000000000	2223.32000000000
107904.750000000	2477.95000000000	1031.72000000000
108314.740000000	2514.23000000000	1541.58000000000
108509.770000000	3280.87000000000	2831.38000000000
105156.550000000	3710.94000000000	14.0630000000000
107445.540000000	2581.01000000000	26.4980000000000
105832.030000000	3657.34000000000	1252.10000000000
106815.400000000	3064.89000000000	-1042.67100000000
91434.0700000000	14260.2000000000	3203.57000000000
91231.9600000000	13173.2600000000	4327.14000000000
89923.4000000000	12897.7000000000	4075.66000000000
90001.4400000000	13873.4300000000	2896.31000000000
92185.2200000000	13866.7000000000	3934.65000000000
90687.1000000000	12427.9900000000	4654.98000000000
92385.8900000000	14889.8000000000	2885.12000000000
92986.3600000000	15553.1400000000	2478.77000000000
93730.9100000000	15108.6800000000	3083.57000000000
92986.3600000000	13423.6300000000	4564.18000000000
93645.1900000000	14081.8800000000	4160.07000000000
94519.1900000000	15728.2100000000	2641.47000000000
96083.9200000000	15903.9600000000	2935.12000000000
96202.8500000000	14953.8500000000	3754.12000000000
94519.1900000000	14703.1700000000	3721.10000000000
95257.7100000000	16327.1000000000	2298.96000000000
96818.4500000000	15527.7000000000	3471.27000000000
95301.8700000000	14251.2000000000	4300.88000000000
102949.810000000	7815.78000000000	-5728.48000000000
104457.410000000	7602.28000000000	-5994.47000000000
103674.650000000	8478.96000000000	-6240.50000000000
97584.8700000000	16892.8800000000	-3692.77000000000
97584.8700000000	15609.4900000000	-4532.28000000000
99135.8170000000	14100.7000000000	-5430.51000000000
99825.5330000000	14868.0500000000	-4956.53000000000
86772.8000000000	10740.4890000000	-4184.23000000000
87621.4000000000	9044.58200000000	-4586.44000000000
82976.7000000000	10716.1680000000	15.5730000000000
82442	8503.01000000000	27.0050000000000
83145.3000000000	10658.9480000000	-1027.14600000000
82613.8000000000	9476.31900000000	-851.624000000000
83121.4000000000	10620.4200000000	936.040000000000
82707.8000000000	9622.83200000000	781.160000000000
82421.9000000000	8529.50000000000	-1000.57300000000
82737.6000000000	8430.67000000000	1209.60000000000
82662.5000000000	7650.76000000000	-1000.57300000000
83347.1000000000	6805.36000000000	-1000.57300000000
83848.6000000000	6681.01000000000	60.1170000000000
83466.5000000000	7250.10000000000	1241.55000000000
90686.7300000000	9516.76300000000	4476.74000000000
90687.1000000000	8098.63000000000	3464.46000000000
92219.9400000000	8126.49000000000	3438.57000000000
92225.0700000000	9520.00100000000	4477.20000000000
89917.3000000000	8714.03000000000	3945.04000000000
91463.6600000000	7638.38000000000	2829.87000000000
92988.8000000000	8730.36000000000	3912.16000000000
91453.5200000000	10052.6405000000	4696.84000000000
88442.2000000000	8679.05000000000	3874.79000000000
89920.7000000000	10071.6092000000	4679.21000000000
89140.2000000000	10696.3530000000	4696.08000000000
88270.2000000000	10719.5420000000	4549.31000000000
87641.7000000000	9510.72400000000	4190.46000000000
89154.3000000000	8084.39000000000	3477.70000000000
86278.3000000000	11572.0800000000	3607.90000000000
85459.8000000000	10498.9860000000	3695.82000000000
86203.5000000000	9661.33000000000	4004.12000000000
86855	12244.3800000000	3468.18000000000
87614.1000000000	11825.9200000000	4106.21000000000
93754.8600000000	9514.54400000000	4504.55000000000
95285.6100000000	8174.11000000000	3394.30000000000
95285.6100000000	9254.31200000000	4422.66000000000
94700.9700000000	9798.86700000000	4691.69000000000
111522.600000000	9721.53300000000	3145.23000000000
112999	7412.18000000000	3201.12000000000
112151	7415.13000000000	4020.55000000000
111326.400000000	8562.15000000000	3982.33000000000
111380	2900.06000000000	3109.91000000000
112146.800000000	2563.80000000000	2511.66000000000
112747.900000000	2432.38000000000	1836.87000000000
113657.900000000	3075.30000000000	2034.09000000000
113630.900000000	4199.53000000000	3029.63000000000
112621.400000000	4338.51000000000	3951.16000000000
112146.800000000	3490.31000000000	3682.84000000000
90640.9400000000	6458.74000000000	995.670000000000
91443.0400000000	6350.54000000000	15.8300000000000
92986.6100000000	6409.62000000000	18.8120000000000
91453.5200000000	6787.83000000000	1634.28000000000
92219.5700000000	6465.66000000000	-1008.25200000000
92983.6100000000	6672.89000000000	-2055.50000000000
94519	6624.77000000000	-2053.33000000000
95357.1500000000	6387.17000000000	-1002.07200000000
94520.0100000000	6461.12000000000	22.7030000000000
89920.4000000000	6714.44000000000	-1920.84000000000
91445.8000000000	6686.77000000000	-1924.84000000000
90566.2500000000	6408.58000000000	-962.132000000000
89154.3000000000	6900.40000000000	-2514.66000000000
89921.4000000000	7265.14000000000	-3116.89000000000
91385.6300000000	7128.07000000000	-3080.15000000000
89146.4000000000	7067	2128.87000000000
90681.2900000000	7042.75000000000	2138.08000000000
88369.8000000000	7652.38000000000	2820.53000000000
89920.7000000000	6749.73000000000	1669.69000000000
113887.900000000	5249.49000000000	2810.56000000000
113559.600000000	6440.20000000000	2949.47000000000
113315.700000000	5249.49000000000	3597.64000000000
112717.500000000	6178.23000000000	3972.30000000000
114363.600000000	5249.49000000000	2047.87000000000
112357.600000000	5274.65000000000	4360.19000000000
86594.8000000000	14200.4900000000	-1080.12900000000
87309.3000000000	14148.9600000000	-2174.74000000000
88533.3000000000	14830.5800000000	-1955.94000000000
85024.6000000000	13178.1300000000	155.040000000000
86035.8000000000	14056.6400000000	5.28600000000000
84777.3000000000	12763.3500000000	-827.401000000000
85407.1000000000	12852.2000000000	-1964.10000000000
86223.1000000000	13615.7000000000	-1841.49000000000
108470.780000000	4350.12000000000	3908.24000000000
110614	3432.30000000000	3736.76000000000
110614	4592.93000000000	4690.37000000000
109848.140000000	5337.24000000000	4969.70000000000
109081.160000000	4759.20000000000	4535.84000000000
109081.160000000	3626.75000000000	3556.04000000000
109824.160000000	3015.05000000000	3074.89000000000
111370.700000000	3947.06000000000	4256.93000000000
90110.8600000000	14644.5500000000	1886.47000000000
88387.8000000000	13570.4100000000	2668.31000000000
90687.1000000000	14390.6700000000	2414.51000000000
88972.9000000000	13358.3000000000	3246.86000000000
98438.1500000000	14195.0700000000	4365.48000000000
98516.1600000000	15513.5500000000	3239.53000000000
99947.2904000000	14123.5500000000	4109.84000000000
97587.5200000000	14894.6000000000	3930.42000000000
99602.3470000000	14943.5200000000	2897.35000000000
99117.7100000000	13566.9600000000	4697.39000000000
92817.8100000000	16624.9700000000	1219.17000000000
92419.8300000000	15948.8100000000	1816.05000000000
93802.9700000000	17068.0300000000	892.950000000000
94519.1900000000	16811.8900000000	1616.36000000000
95223.5100000000	17429.1100000000	1099.42000000000
96818.4500000000	17702.6100000000	1428.04000000000
96818.4500000000	16704.4600000000	2532.66000000000
96227.6200000000	17922.4800000000	849.050000000000
97580.6000000000	17113.4700000000	1971.64000000000
84773.5000000000	12769.7900000000	863.530000000000
85464.4000000000	12829.5100000000	1970.34000000000
86088.6000000000	13480.0200000000	1568.15000000000
87603.7000000000	13009.2100000000	3034.54000000000
88982.4000000000	12007.5000000000	4492.08000000000
94658.6600000000	17904.3500000000	-753.159000000000
93042.9900000000	17212.4000000000	-20.4680000000000
94366.9300000000	17689.8500000000	198.159000000000
83774.2000000000	10736.1180000000	2040.21000000000
83462.8000000000	8376.86000000000	2334.09000000000
84521.1000000000	8540.47000000000	3107.63000000000
83155	9479.20500000000	1938.43000000000
84621.6000000000	10669.3050000000	3030.88000000000
84929.7000000000	9622.83200000000	3584.32000000000
84539.7000000000	11816.5700000000	2056.64000000000
86312.9000000000	12628.6500000000	2808.53000000000
100604.181000000	14379.2500000000	3028.78000000000
101391.220000000	14332.9500000000	2023.92000000000
102183.390000000	13346.9500000000	4492.92000000000
102771.460000000	13538.7200000000	3891.45000000000
101335.560000000	13767.3500000000	3907.92000000000
102189.510000000	14678.2700000000	-105.616000000000
102949.270000000	14749.5900000000	-992.097000000000
104491.910000000	14844.6400000000	-1022.79500000000
105252.750000000	15084.1800000000	19.9850000000000
102949.810000000	14559.1500000000	538.804000000000
96186.2900000000	6414.56000000000	-42.1000000000000
114921.800000000	7313.62000000000	-117.362000000000
114778.300000000	6342.83000000000	796.890000000000
114274.100000000	6145.79000000000	1883.90000000000
114658.800000000	8537.16000000000	46.5610000000000
115032.200000000	6342.83000000000	15.5730000000000
113844.700000000	7428.63000000000	2119.31000000000
84149.2000000000	12389.5200000000	15.5730000000000
83520.2000000000	11580.7900000000	15.5730000000000
83373.2000000000	7935.87000000000	2047.87000000000
84518.9000000000	6684.97000000000	950.940000000000
85322.2000000000	6819.38000000000	1604.95000000000
85322.2000000000	7781.05000000000	2743.48000000000
86093.9000000000	7211.97000000000	2270.50000000000
86855	6698.43000000000	1717.36000000000
85156.8000000000	6179.10000000000	83.6189999999999
86864.8000000000	5891.19000000000	-4.18200000000002
87620.4000000000	6228.14000000000	1095.73000000000
86100	8309.64000000000	3265.76000000000
87545.4000000000	7160.51000000000	2204.02000000000
87449.4000000000	8121.20000000000	3215.39000000000
87043.5000000000	8694.69000000000	3676.71000000000
110614	2378.74000000000	-2652.50000000000
111910	3343.98000000000	-3789.34000000000
112146.800000000	2418.89000000000	-2615.19000000000
111388.800000000	2055.12000000000	-1910.92000000000
109785.180000000	2812.57000000000	-3197.85000000000
112915.600000000	3043.81000000000	-3061.38000000000
103112.080000000	4659.42000000000	-747.989000000000
103797.540000000	4383.37000000000	32.2590000000000
98548.7200000000	16303.2100000000	2178.51000000000
107541.680000000	7452.89000000000	-6086.63000000000
106811.570000000	4412.64000000000	-3908.32000000000
105245.100000000	8534.56000000000	-6358.22000000000
106736.550000000	8531.61000000000	-6032.37000000000
109266.780000000	3506.57000000000	-3882.69000000000
108425.820000000	3253.56000000000	-3053.46000000000
107375.440000000	3696.94000000000	-3230.45000000000
87434.1000000000	6806.21000000000	-2850.57000000000
88330.6000000000	6598.50000000000	-1986.34000000000
87617.2000000000	5955.27000000000	-969.871000000000
88477.9000000000	8324.95000000000	-4320.73000000000
88455.5000000000	7186.40000000000	-3200.92000000000
89154.3000000000	7751.45000000000	-3755.98000000000
82996.5000000000	9644.28000000000	-1994.93000000000
82699.4000000000	8529.50000000000	-1788.84000000000
89861.9000000000	12960.0700000000	-4198.32000000000
86264.3000000000	11574.0800000000	-3597.18000000000
87306.1000000000	13066.2900000000	-3175.84000000000
86855	12308.5800000000	-3496.71000000000
91381.6500000000	11888.3100000000	-5170.42000000000
90687.1000000000	12476.6900000000	-4669.10000000000
89154.3000000000	13526.8000000000	-3612.78000000000
88386.8000000000	13999.5800000000	-3035.61000000000
97584.8700000000	17849.3100000000	-2549.38000000000
96889.1600000000	18207.6500000000	-1969.03000000000
96052.0200000000	18370	-1001.50800000000
98027.8800000000	17908.1600000000	-2016.72000000000
100670.932000000	15166.5700000000	-4115.54000000000
100712.014000000	15407.3300000000	-2016.92000000000
101333.330000000	15045.7600000000	-3065.28000000000
99634.1610000000	16413.3100000000	-1000.57300000000
100285.846000000	15662.5800000000	-1000.57300000000
98540.2100000000	17600.2600000000	-1000.51300000000
113112	11809.5000000000	-1770.15000000000
113440.200000000	11604.9300000000	-194.605000000000
112718.300000000	11666.6200000000	905.130000000000
111924.300000000	12761.6800000000	886.090000000000
113223.600000000	10953.7950000000	-2211.48000000000
113945.100000000	10890.5810000000	-1078.73700000000
108275.380000000	13941.1400000000	-998.310000000000
111159.500000000	12596.9400000000	1785.89000000000
110614	13518.2100000000	1603.65000000000
107548.320000000	14483.1900000000	-437.058000000000
108320.520000000	13894.5300000000	2866.35000000000
111540.700000000	10946.7800000000	2474.72000000000
111823.700000000	11586.7500000000	1865.81000000000
110614.400000000	9626.87800000000	4068.68000000000
109710.430000000	9447.90600000000	4751.89000000000
109081.160000000	10199.1400000000	4615.78000000000
95268.1300000000	11710.3300000000	-5761.74000000000
96813.4600000000	11851.2500000000	-5874.49000000000
97750.1100000000	12713.5300000000	-5686.28000000000
98351.2900000000	13414.3800000000	-5540.58000000000
90708.7000000000	15049.3600000000	-2989.23000000000
89698.8000000000	14273.4600000000	-3276.39000000000
92973.7400000000	10560.5030000000	-5692.59000000000
92034.1600000000	10972.3100000000	-5549.52000000000
94512.5500000000	10719.1890000000	-5830.79000000000
106811.570000000	11888.4900000000	-5166.74000000000
106803.870000000	10635.3530000000	-5827.86000000000
107580.810000000	9651.30700000000	-5688.72000000000
101561.470000000	5406.74000000000	-1979.43000000000
100501.276000000	6988.10000000000	1250.24000000000
96761.7400000000	6202.62000000000	-1079.42500000000
97585.9700000000	6344.83000000000	-2013.20000000000
96131.6700000000	7720.17000000000	2881.87000000000
112941.500000000	7455.36000000000	-3119.08000000000
113434.800000000	8401.55000000000	-2825.98000000000
112869.100000000	9669.56400000000	-2934.95000000000
101416.970000000	7956.93000000000	-5597.30000000000
102165	8524.38000000000	-6088.84000000000
89896.6000000000	15405.1400000000	-2052.41000000000
92064.3200000000	16648.3400000000	241.886000000000
83693.3000000000	10784.6910000000	-2080.96000000000
85487.8000000000	11706.7300000000	-2947.83000000000
84584.6000000000	11839.3000000000	-2065.81000000000
90847.4900000000	7811.70000000000	-3912.64000000000
93740.2400000000	9762.14500000000	-5645.01000000000
92219.9400000000	6830.81000000000	-2579.34000000000
96909.1500000000	9646.08500000000	-6040.34000000000
96147.4400000000	10717.3170000000	-6017.41000000000
97584.8700000000	8901.27000000000	-5735.78000000000
95864.6000000000	6956.98000000000	-3229.71000000000
95285.6100000000	6793.18000000000	-2614.31000000000
114912.400000000	5249.49000000000	-1250.67700000000
112816.100000000	2242.51000000000	-1891.76000000000
112280	1865.61000000000	-1057.10300000000
112931.900000000	1955.56000000000	10.9050000000000
114591.300000000	5249.49000000000	-2016.72000000000
114990	5237.37000000000	32.0730000000000
114277.600000000	3196.63000000000	882.050000000000
114645.200000000	4156.16000000000	1031.72000000000
114759.700000000	5252.89000000000	1109.77000000000
113345.800000000	2445.74000000000	1031.72000000000
113947.400000000	10451.2520000000	15.5730000000000
114391.400000000	9607.76000000000	-1000.23100000000
98363.4000000000	9543.03600000000	-6155.87000000000
101418.650000000	9643.66200000000	-6360.69000000000
99122.0230000000	10709.3180000000	-6285.73000000000
100654.797000000	10707.8480000000	-6393.59000000000
96815.5000000000	6791.42000000000	-2917.53000000000
102183.780000000	9540.38900000000	4811.01000000000
99898.8750000000	10726.8260000000	5102.39000000000
101371.150000000	10728.7980000000	5130.58000000000
99115.7320000000	9721.74500000000	4761.59000000000
106781.900000000	3601.82000000000	-2531.92000000000
107549.130000000	3057.81000000000	-2022.74000000000
105549.390000000	6497.58000000000	3957.86000000000
105249.060000000	7931.17000000000	4636.25000000000
104444.100000000	8645.94000000000	4709.05000000000
105833.590000000	7211.84000000000	4529.80000000000
103709.610000000	9574.40600000000	4797.28000000000
106722.010000000	14885.9600000000	41.6850000000000
106822.270000000	15031.3000000000	1985.81000000000
105860.930000000	15212.3000000000	1086.48000000000
107548.320000000	14571.9600000000	2583.01000000000
103734.490000000	14710.5500000000	-2028.06000000000
104113.770000000	14563.2900000000	-3032.87000000000
105613.640000000	13422.9300000000	-4049.01000000000
104582.790000000	14185.7500000000	-4092.23000000000
105757.840000000	12749.4000000000	-4914.16000000000
114529.100000000	6327.62000000000	-2040.43000000000
114224.200000000	7436.16000000000	-2264.19000000000
105233.090000000	13076.5000000000	4242.22000000000
106870.730000000	14055.0100000000	3119.36000000000
106015.480000000	13555.3600000000	3670.47000000000
106037.580000000	10753.7080000000	5121.39000000000
106781.370000000	9615.05500000000	5338.62000000000
108335.230000000	9683.32500000000	5153.59000000000
105257.500000000	11880.8000000000	4844.48000000000
106015.480000000	14551.1200000000	2563.64000000000
104482.640000000	13548.9600000000	3664.52000000000
103801.280000000	13230.7900000000	4280.25000000000
102178.280000000	14413.5200000000	991.180000000000
108476.010000000	5437.98000000000	4707.30000000000
107590.040000000	6516.30000000000	4877.87000000000
106888.250000000	7461.46000000000	4969.42000000000
86677.3000000000	13360.7100000000	2237.83000000000
91510.5300000000	16100.2600000000	982.090000000000
91452.2400000000	15122.5500000000	2040.30000000000
96039.1200000000	9712.33700000000	4756.81000000000
96820.9300000000	10609.2270000000	5196.32000000000
98348.9300000000	10663.0940000000	5137.76000000000
108292.150000000	2232.57000000000	14.0150000000000
109127.450000000	2086.35000000000	979.160000000000
109826.840000000	2337.25000000000	1960.06000000000
110614	2526.41000000000	2546.40000000000
108125.320000000	2519.68000000000	-1254.22200000000
91579.1800000000	11824.1700000000	5008.29000000000
92192.5200000000	12810.3500000000	4762.35000000000
89897.6000000000	11706.2100000000	4779.72000000000
93727.8400000000	12824.3500000000	4976.63000000000
92901.7000000000	11782.2300000000	5168.77000000000
94519.1900000000	13564.7000000000	4695.29000000000
96723.6100000000	14197.3700000000	4349.98000000000
96052.0300000000	13605	4732.75000000000
95244.0800000000	12913.6900000000	5110.03000000000
102947.610000000	9633.78200000000	-6418.79000000000
104478.540000000	9613.02600000000	-6339.02000000000
99108.2730000000	12956.3600000000	-5716.55000000000
99884.1290000000	13554.1200000000	-5670.46000000000
100747.627000000	14218.7300000000	-5396.21000000000
101416.970000000	14669.8600000000	-4675.14000000000
83835.1000000000	11784.1400000000	-1059.36600000000
90684.8300000000	10685.3080000000	4875.85000000000
92986.3600000000	10008.0187500000	4738.31000000000
92217.4900000000	10678.0840000000	4900.36000000000
85322.2000000000	9072.90200000000	3575.12000000000
93727.7700000000	10703.8620000000	5108.87000000000
95292.6000000000	10644.8140000000	5170.20000000000
111822.400000000	6342.83000000000	4666.17000000000
111270.900000000	7255.26000000000	4782.92000000000
110513.800000000	8380.19000000000	4824.73000000000
111388	2269.78000000000	1974.28000000000
114309.600000000	4312.55000000000	1914.71000000000
112144.400000000	1974.11000000000	997.550000000000
89227.6000000000	6303.89000000000	1055.89000000000
89907.4000000000	6094.72000000000	13.1980000000000
96049.9300000000	6593.59000000000	-2044.96000000000
89136.3000000000	6210.24000000000	-1106.84300000000
88387.8000000000	6715.69000000000	1701.33000000000
111331.800000000	5314.82000000000	4910.10000000000
86855	13476.1900000000	-2549.60000000000
89154.3000000000	14671.7900000000	-2644.64000000000
86265.4000000000	12670.9200000000	-2825.99000000000
108935.620000000	6304.09000000000	5228.45000000000
110724.600000000	6410.21000000000	5210.91000000000
98355.8600000000	12795.9500000000	5021.80000000000
97584.8700000000	13573.9900000000	4703.93000000000
99266.8980000000	15543.8300000000	2272.32000000000
99831.7450000000	12883.6900000000	4963.97000000000
100650.548000000	13450.9300000000	4589.55000000000
100306.861000000	14817.4900000000	1914.58000000000
95250.8200000000	18004.0500000000	-86.8540000000000
98365.1100000000	17123.1500000000	1040.48000000000
97405.3600000000	17893.8100000000	827.610000000000
96804.0100000000	18417.3300000000	56.2880000000000
101249.110000000	14613.8800000000	812.220000000000
102962.560000000	12850.7400000000	4880.50000000000
101499.510000000	12765.6500000000	5006.86000000000
102252.450000000	11905.6200000000	5197.71000000000
100675.852000000	15120.9400000000	-0.640000000000043
101329.430000000	14976.7100000000	-1054.47200000000
102037.480000000	14863.3300000000	-2015.31000000000
114814.900000000	7603.34000000000	-1132.23900000000
114667.300000000	8529.50000000000	-1000.57300000000
114924.100000000	6353.08000000000	-914.533000000000
88379.7000000000	5898.38000000000	1.98899999999998
109833.390000000	2244.75000000000	-2074.30000000000
110541.700000000	1814.86000000000	-1092.24200000000
108901.360000000	2574.07000000000	-2232.58000000000
99183.8850000000	16241.1100000000	988.850000000000
106014.210000000	9622.31000000000	-6080.58000000000
97645.8800000000	18430.7200000000	-999.697000000000
102202.750000000	14711.5600000000	-3942.04000000000
102958.900000000	14743.9800000000	-3050.17000000000
99712.5650000000	16063.8900000000	-123.838000000000
98862.8000000000	17106.6000000000	-190.468000000000
98031.2400000000	17912.9500000000	15.5730000000000
113817.400000000	9541.55200000000	-2127.95000000000
109250.260000000	8589.32000000000	5274.56000000000
97516.6100000000	10815.2790000000	-6195.58000000000
98342.0700000000	11697.3500000000	-6016.37000000000
105905.630000000	11669.4100000000	-5805.46000000000
105187.660000000	10697.2690000000	-6053.20000000000
114300.400000000	8379.01000000000	-1895.08000000000
111380	1761.50000000000	12.0330000000000
102179.270000000	10709.7940000000	-6462.72000000000
99907.8717000000	11770.6900000000	-6058.33000000000
101420.040000000	11787.2500000000	-6318.24000000000
102943.300000000	10594.0770000000	5177.27000000000
100658.219000000	11813.4300000000	5044.59000000000
99116.0900000000	11806.8100000000	5242.72000000000
106009.110000000	8472.69000000000	5132.48000000000
105146.920000000	9584.76400000000	5173.44000000000
104495.050000000	10732.5110000000	5195.62000000000
103534.280000000	14589.0500000000	-3825.11000000000
102949.810000000	14454.0400000000	-4474.55000000000
105067.600000000	13488.2800000000	-4833.70000000000
104482.640000000	13347.7400000000	-5478.65000000000
103746.160000000	14010.0200000000	-5132.25000000000
105058.700000000	12661.7600000000	-5604.86000000000
104482.640000000	12512.2700000000	4733.30000000000
107553.930000000	8532.96000000000	5382.83000000000
103761.040000000	11881.1600000000	5141.37000000000
108325.200000000	7452.56000000000	5408.82000000000
96051.5200000000	11805.7000000000	5366.06000000000
97582.0400000000	11805.5300000000	5270.83000000000
109698.870000000	1803.79000000000	13.3690000000000
109190.720000000	2042.22000000000	-961.349000000000
110549.900000000	1938.25000000000	1069.54000000000
94522.4700000000	11806.9400000000	5318.78000000000
96749.0300000000	12891.0300000000	5086.90000000000
103709.580000000	10707.2230000000	-6255.65000000000
100716.877000000	12833.3200000000	-5904.92000000000
101416.970000000	13609.6100000000	-5722.03000000000
102163.940000000	14193.5100000000	-5129.18000000000
110023.300000000	7519.92000000000	5279.99000000000
100053.869700000	15292.2700000000	1046.15000000000
104359.700000000	11753.3600000000	-6002.86000000000
102944	11793.2700000000	-6293.74000000000
102183.590000000	12906.2700000000	-6085.43000000000
103640.990000000	12734.2600000000	-5927.68000000000
102949.810000000	13511.7500000000	-5631.08000000000