-44208.3800000000	-53922.5100000000	-54864.8200000000
-41667.2800000000	-54809.0200000000	-54784.5400000000
-64738.5000000000	-53725.7300000000	-51624.9800000000
-63838.4000000000	-52412.0300000000	-53401.0400000000
-66228.3000000000	-52586.0700000000	-52600.7500000000
-61423.5000000000	-48426.7700000000	-54145.4800000000
-54529.4100000000	-42936.2800000000	-52372.2000000000
-50656.6130000000	-43690.2400000000	-52732.7000000000
-37757.5000000000	-46908.4500000000	-50592.6910000000
-39357	-45937.1200000000	-49560.1800000000
-40191.6400000000	-48124.5000000000	-46442.4100000000
-55485.4400000000	-44902.4600000000	-53611.3900000000
-53976.3200000000	-46105.6200000000	-54487.3300000000
-57791.3700000000	-46000.5100000000	-53613.6500000000
-56179.4600000000	-47123.4400000000	-54512.1600000000
-40898.8100000000	-49281.8050000000	-54642.2500000000
-48323.4100000000	-54541.6300000000	-49637.6520000000
-48087.7500000000	-53799.5900000000	-47330.0500000000
-50867.8360000000	-53349.8400000000	-49486.7090000000
-52424.4400000000	-53192.8100000000	-47610.2900000000
-38496.5000000000	-51520.9800000000	-53771.8300000000
-40795.3700000000	-51290.4300000000	-54946.2200000000
-39377.9000000000	-55753.8300000000	-54267.2900000000
-47801.5900000000	-53579.2500000000	-53603.2900000000
-57892.0800000000	-43646.2500000000	-51578.2500000000
-65310	-50586.0620000000	-53226.8200000000
-60063.6000000000	-50373.0960000000	-54602.2200000000
-57806.2300000000	-51308.0200000000	-54504.9400000000
-54706.9700000000	-51488.4200000000	-54721.2500000000
-35756.9000000000	-56826.7400000000	-50526.8510000000
-36534.4000000000	-50377.1680000000	-48276.3100000000
-50115.8710000000	-51904.2100000000	-55018.2500000000
-51640.7200000000	-52655.3200000000	-53625.4600000000
-49347.1090000000	-51503.3100000000	-45376.1300000000
-44727.7100000000	-55874.6500000000	-51626.9100000000
-46281.4300000000	-54777.1700000000	-52612.7700000000
-50140.1780000000	-53689.1200000000	-52603.4800000000
-46987.1400000000	-52403.2500000000	-45670.7000000000
-50873.7810000000	-52703.1700000000	-46407.0800000000
-56254.6300000000	-52798.5200000000	-47410.1000000000
-40887.7700000000	-45315.5400000000	-48656.5800000000
-44000.3600000000	-46125.8900000000	-51485.9500000000
-42556.6600000000	-47284.3800000000	-52587.6300000000
-40210.1100000000	-46879.2600000000	-51589.1600000000
-36654.9000000000	-54750.5100000000	-53155.4200000000
-42368.1000000000	-48205.6600000000	-45303.5800000000
-45477.6400000000	-45705.5700000000	-47434.1000000000
-45574.6700000000	-54861.8700000000	-47377.2500000000
-43422.0700000000	-55007.8800000000	-46241.3600000000
-56249.5500000000	-52462.6300000000	-53477.9500000000
-38466.5000000000	-48191.9500000000	-52757.1900000000
-62204.1000000000	-45399.8400000000	-48741.8100000000
-60221.8000000000	-44491.6400000000	-49334.0600000000
-52312.0900000000	-51440.6000000000	-45495.3100000000
-42422.0700000000	-56819.7900000000	-47461.2900000000
-43932.8900000000	-56763.4300000000	-49528.6820000000
-59312.9000000000	-46427.3000000000	-45863.4200000000
-57013.6400000000	-45548.5200000000	-46062.8300000000
-54763.6900000000	-44754.2500000000	-46212.7500000000
-46534.4100000000	-52867.1500000000	-54901.0600000000
-53218.1200000000	-43791.6500000000	-53662.6500000000
-51581.8200000000	-45039.8000000000	-54457.8000000000
-62795.2000000000	-50377.1680000000	-54151.4000000000
-67400.6000000000	-50143.2780000000	-49534.4270000000
-67075.3000000000	-52763.8500000000	-49559.2370000000
-58543.1400000000	-51260.4000000000	-45632.8300000000
-60833.1000000000	-50478.0970000000	-45109.6700000000
-63236.8000000000	-49247.2420000000	-45367.7500000000
-55488.6400000000	-51272.1800000000	-45651.7700000000
-37859.2000000000	-51474.0300000000	-46555.3200000000
-37288	-56874.7000000000	-46551.4100000000
-57778.1100000000	-53345.2000000000	-48454.6400000000
-56247.1900000000	-53524.6900000000	-50556.0810000000
-59312.9000000000	-53096.1900000000	-52061.4900000000
-60086.7000000000	-52394.7200000000	-46690.7500000000
-62422.1000000000	-45313.2800000000	-50590.0530000000
-64545.5000000000	-46456.8700000000	-50304.9740000000
-40231.5100000000	-55954.7900000000	-45369.7400000000
-60880.2000000000	-45800.6300000000	-47385.7500000000
-51073.1000000000	-45102.9300000000	-45901.6800000000
-56230.4100000000	-43906.9500000000	-47448.1700000000
-53929.9400000000	-42968.6100000000	-47622.6200000000
-64324.9000000000	-46507.2800000000	-48518.2800000000
-61390.3000000000	-47360.0100000000	-45711.3200000000
-56343.3900000000	-42571.1000000000	-50589.2150000000
-66035.7000000000	-50481.8950000000	-46643.5400000000
-64535.3000000000	-48273.2800000000	-46553.3400000000
-47938.4100000000	-46117.3100000000	-46525.6300000000
-46292.1500000000	-45195.9100000000	-49509.6560000000
-54711.6400000000	-53319.5700000000	-48610.3200000000
-35493.3000000000	-52591.7200000000	-48496.4700000000
-66172.1000000000	-48218.8000000000	-48550.5800000000
-65457.5000000000	-52602.2000000000	-47494.5500000000
-63934.2000000000	-53683.3100000000	-48501.6100000000
-63145	-52198.9900000000	-46825.0800000000
-38623.4000000000	-57376.9700000000	-52687.5200000000
-52411.9900000000	-43825.2100000000	-46495.6200000000
-45515.8500000000	-53653.9300000000	-54611.9200000000
-44750.9400000000	-54339.1000000000	-54232.8000000000
-44750.9400000000	-53241.3400000000	-55244.8300000000
-43243.2100000000	-53561.6700000000	-55274.2800000000
-43156.3200000000	-54678.8700000000	-54545.9500000000
-43992.1700000000	-52526.5100000000	-55658.9700000000
-42451.6800000000	-54159.4200000000	-55081.9400000000
-44156.8300000000	-54946.4300000000	-53809.0700000000
-42451.6800000000	-55340.6400000000	-54147.4800000000
-41672.7000000000	-53553.8500000000	-55300.2800000000
-40749.9500000000	-55690.8400000000	-54249.0400000000
-40149.5700000000	-54890.2400000000	-54806.0500000000
-40729.3400000000	-53903.1700000000	-55095.0300000000
-41757.8700000000	-55953.3900000000	-53713.6500000000
-66120.6000000000	-53383.0100000000	-51431.3200000000
-65271.6000000000	-53227.4200000000	-52412.3400000000
-63910.4000000000	-53263.8800000000	-52494.6800000000
-64677.8000000000	-52958.9400000000	-52950.0800000000
-63108.4000000000	-53699.8300000000	-51597.4100000000
-63901	-54047.5300000000	-50537.1910000000
-65528	-53713.6500000000	-50552.3010000000
-64700.2000000000	-51499.1500000000	-53634.4900000000
-63132.4000000000	-51431.0900000000	-53964.8000000000
-63145	-52958.6200000000	-52949.7800000000
-65260	-52335.4400000000	-53142.4900000000
-62359.9000000000	-52356.8600000000	-53412.9700000000
-66638.1000000000	-51470.5000000000	-52447.1000000000
-65872	-51470.5000000000	-53150.0400000000
-67007.7000000000	-52582.0600000000	-51572.6600000000
-60845.7000000000	-47756.1200000000	-54002.7200000000
-62396.5000000000	-48143.3700000000	-53688.3300000000
-62236.7000000000	-49510.1870000000	-54216.6700000000
-60749.6000000000	-49277.7910000000	-54528.6900000000
-60101	-48269.3100000000	-54361.3900000000
-61585.2000000000	-47250.0900000000	-53357.3600000000
-55428.3000000000	-43601.4300000000	-52780.2500000000
-53947.9700000000	-43308.7800000000	-53055.3500000000
-53257.2200000000	-42619.9600000000	-52690.7600000000
-53947.9700000000	-42281.2700000000	-51978.0300000000
-55509.0700000000	-42614.8300000000	-51611.8800000000
-54505.9600000000	-44078.4600000000	-53397.6400000000
-54528.7700000000	-42123.4500000000	-51354.6600000000
-51676.0100000000	-42790.4600000000	-52610.2100000000
-50293.8350000000	-44311.0300000000	-53375.9500000000
-50167.4470000000	-43916.3400000000	-51586.3200000000
-51062.2700000000	-42948.6900000000	-51519.2600000000
-51623.6600000000	-43817.4200000000	-53686.4000000000
-50882.2900000000	-44448.2800000000	-54028.5900000000
-49734.6210000000	-44366.6200000000	-52582.8700000000
-38807.6000000000	-46538.1600000000	-50303.2480000000
-37348.6000000000	-47254.2100000000	-49745.4000000000
-39386	-46621.6400000000	-50992.5200000000
-38608.5000000000	-46995.3300000000	-51648.0300000000
-37619.8000000000	-47865.6800000000	-51854.9900000000
-36765.4000000000	-47856.7400000000	-50716.3690000000
-38259.8000000000	-46583.9000000000	-49534.4270000000
-40217.9500000000	-46229.5700000000	-50398.8290000000
-38963.1000000000	-46292.0100000000	-48658.9500000000
-40743.6600000000	-45572.9400000000	-49702.6340000000
-39994.6000000000	-45683.7600000000	-48430.7900000000
-40937.8800000000	-47083.1200000000	-46543.8200000000
-40377.7100000000	-49402.2870000000	-45570.0100000000
-41068.1600000000	-48375.7900000000	-45840.0300000000
-39804.6000000000	-46877.5000000000	-47318.5000000000
-39221.2000000000	-47964.5300000000	-47073.5600000000
-39344.5000000000	-49219.8730000000	-46358.9500000000
-56863.0700000000	-45078.2600000000	-53243.4500000000
-55306.9400000000	-46200.9500000000	-54201.4300000000
-56293.5000000000	-45873.5900000000	-53763.6100000000
-54714.3900000000	-45484.1300000000	-54082.0200000000
-53918.8200000000	-44804.1600000000	-53981.5000000000
-56247.2200000000	-44384.7900000000	-53071.4600000000
-54750.1100000000	-47088.5000000000	-54811.2900000000
-53161.5700000000	-46984.3400000000	-55010.2800000000
-52489.6600000000	-45923.3100000000	-54701.6300000000
-53947.9700000000	-47605.8100000000	-55158.5700000000
-53028.7700000000	-45083.7200000000	-54251.6000000000
-58546.4800000000	-45429.4400000000	-53116.7000000000
-59272.7300000000	-46145.8200000000	-53390.7000000000
-57698.0600000000	-47291.2500000000	-54385.0700000000
-58733.9800000000	-46902.9600000000	-54028.0900000000
-57013.6400000000	-46588.6000000000	-54071.6700000000
-57824.9000000000	-44758.9400000000	-52821.3100000000
-57004.7100000000	-48255.6400000000	-54980.4900000000
-55480.8100000000	-47754.6400000000	-55020.2400000000
-56059.8900000000	-48424.2900000000	-55165.6400000000
-41831.8800000000	-48542.1600000000	-54482.7100000000
-40267.6900000000	-50429.4900000000	-54419.1900000000
-42277.3000000000	-49053.1560000000	-55060.7500000000
-41556.0800000000	-50164.9540000000	-54983.6600000000
-39981.2000000000	-49037.7900000000	-54054.7000000000
-40934.9300000000	-48057.5700000000	-53647.0300000000
-47944.0300000000	-54928.8700000000	-50468.5200000000
-47219.6100000000	-55232.6600000000	-49310.9220000000
-49291.6850000000	-53515.2200000000	-49542.1940000000
-49051.0340000000	-54324.8000000000	-50550.5730000000
-47679.5600000000	-54612.2100000000	-48531.7800000000
-48579.8000000000	-53651.9200000000	-48516.1000000000
-48993.1700000000	-53148.9100000000	-47502.1300000000
-47020.5700000000	-54517.0900000000	-47637.7300000000
-46989.4600000000	-53563.5500000000	-46584.9700000000
-48403.6200000000	-53183.8800000000	-46687.9900000000
-47816.6100000000	-52951.9700000000	-46125.2600000000
-52254.7800000000	-53792.4200000000	-49471.2380000000
-51574.5000000000	-53880.1400000000	-50453.2240000000
-50093.6954000000	-53798.1100000000	-50418.3280000000
-50115.8710000000	-53075.9600000000	-49058.4610000000
-50739.3440000000	-52971.5500000000	-48328.8800000000
-51621.3200000000	-53331.7400000000	-48482.6500000000
-53322.5200000000	-52920.1300000000	-47357.9100000000
-51497.9100000000	-52979.5800000000	-47315.6800000000
-53947.9700000000	-53123.6200000000	-47998.0200000000
-53119.5100000000	-53504.3600000000	-48576.8900000000
-52344.2200000000	-52511.7400000000	-46553.6500000000
-39705.4000000000	-51682.6900000000	-54477.9900000000
-38737.5000000000	-52769.0900000000	-54267.9900000000
-37994	-52611.9700000000	-53451.2700000000
-37992.6000000000	-50620.3820000000	-53188.0500000000
-39179.3000000000	-50424.6980000000	-53869.6000000000
-37495.5000000000	-51470.5000000000	-53057.1300000000
-41650.7700000000	-51427.4200000000	-55222.1000000000
-41001.6900000000	-52537.2700000000	-55213.8900000000
-40036.8900000000	-52584.6000000000	-54904.4500000000
-38469.7000000000	-56018.2300000000	-53959.8300000000
-40152.4200000000	-56224.0500000000	-53952.3700000000
-38714.9000000000	-54764.8400000000	-54406.7400000000
-39392.1000000000	-56769.5700000000	-53425.4400000000
-48583.0300000000	-53077.0700000000	-54076.0100000000
-47800.2400000000	-52657.5100000000	-54707.0200000000
-46493.7800000000	-53904.2000000000	-53851.0300000000
-48647.8200000000	-53902.4400000000	-52751.5400000000
-49375.3830000000	-53276.5000000000	-53511.3500000000
-47050.1900000000	-53275.5500000000	-54260.4800000000
-47050.1900000000	-54216.6000000000	-53102.7900000000
-47668.7100000000	-54355.7200000000	-52412.0500000000
-59198.4000000000	-44136.0600000000	-51422.1400000000
-58546.4800000000	-44311.0300000000	-52123.8600000000
-56972.0800000000	-43953.4100000000	-52437.4200000000
-56860.6500000000	-43146.5100000000	-51376.7100000000
-57647.3800000000	-43159.6600000000	-50321.4160000000
-56247.2200000000	-43273.3800000000	-52072.1000000000
-58674.8100000000	-43634.2000000000	-50615.6910000000
-64022.8000000000	-50326.2090000000	-53746.9800000000
-66207.2000000000	-50370.1460000000	-52589.4400000000
-64530.8000000000	-49480.9110000000	-53220.9300000000
-65439.6000000000	-49328.5440000000	-52458.7800000000
-58605.6300000000	-50457.0940000000	-54830.2700000000
-59366.5600000000	-49197.6440000000	-54760.6400000000
-60057.5000000000	-51674.0900000000	-53783.1800000000
-61620.3000000000	-50418.8940000000	-54297.3800000000
-60845.7000000000	-51002.3900000000	-54180.0900000000
-59171.5700000000	-51331.2900000000	-54298.3900000000
-57189.1000000000	-50566.5060000000	-55023.7600000000
-57013.6400000000	-51963.6200000000	-54057.3100000000
-58546.4800000000	-51877.1400000000	-53976.9400000000
-57780.0600000000	-49832.1820000000	-55124.7900000000
-56147.2000000000	-51412.4900000000	-54571.4600000000
-57797.8200000000	-52442.1600000000	-53456.3000000000
-55480.8100000000	-52018.2700000000	-54108.1000000000
-54731.6600000000	-50283.5140000000	-55337.2300000000
-53947.9700000000	-50981.0800000000	-55176.4300000000
-53947.9700000000	-52132.0300000000	-54213.8400000000
-54696.0900000000	-52545.4900000000	-53604.2400000000
-55480.8100000000	-50830.4500000000	-55036.4400000000
-53166.6500000000	-51673.2300000000	-54802.8900000000
-35529.5000000000	-55854.5000000000	-51557.9400000000
-36280.3000000000	-57147.7300000000	-51561.5300000000
-35183	-55986.4700000000	-49379.8460000000
-36002.8000000000	-57251.1800000000	-49375.9050000000
-36417.7000000000	-57678.8800000000	-50352.8050000000
-35197.8000000000	-55679.4800000000	-50381.6100000000
-36589	-49501.2430000000	-48703.8400000000
-37441.6000000000	-49452.4610000000	-47795.8200000000
-35826.4000000000	-50377.1680000000	-49292.7180000000
-36053.9000000000	-51256.7000000000	-48331.3800000000
-36839.1000000000	-51289.3900000000	-47343.9000000000
-37544.7000000000	-50150.3250000000	-47317.8300000000
-50815.5120000000	-52252.4400000000	-54436.1700000000
-50906.8220000000	-51385.4500000000	-55287.4000000000
-49364.4700000000	-51301.9500000000	-55545.9300000000
-49271.8760000000	-52522.8600000000	-54572.0900000000
-51872.9000000000	-51724.6900000000	-54857.9300000000
-50176.9990000000	-50455.2320000000	-55801.2900000000
-50273.9200000000	-52959.3000000000	-53757.0100000000
-52415.1300000000	-52171.8000000000	-54250.7900000000
-50882.2900000000	-53163.2800000000	-53139.9900000000
-51572.9800000000	-53437.2300000000	-52409.6400000000
-53178.6500000000	-52657.3100000000	-53635.5500000000
-52415.1300000000	-53013.5300000000	-53000.8100000000
-50115.8710000000	-52183.2300000000	-45823.5800000000
-48412	-52396.4700000000	-45852.1500000000
-49353.4970000000	-50288.6300000000	-44739.9400000000
-50115.8710000000	-50868.9300000000	-45012.8000000000
-50877.4080000000	-51489.2700000000	-45411.0300000000
-49331.2930000000	-52766.0400000000	-46377.0200000000
-47793.9900000000	-51688.1100000000	-45330.2100000000
-48583.0300000000	-50905.3430000000	-44978.9600000000
-46120.3000000000	-55371.8100000000	-51344.7500000000
-45517.3600000000	-55335.6500000000	-52110.5500000000
-43950.5200000000	-55777.0300000000	-52587.2300000000
-43805.3600000000	-56426	-51329.1600000000
-44388.2200000000	-56419.7500000000	-50550.5730000000
-44939.9900000000	-55259.4500000000	-52805.2200000000
-45539.0400000000	-55859.6600000000	-50541.9480000000
-45412.5100000000	-54639.1600000000	-53537.5800000000
-47082.1000000000	-54935.9400000000	-51602.3000000000
-49456.6070000000	-54130.3400000000	-51526.1000000000
-50873.2590000000	-53980.2300000000	-51549.5500000000
-46283.7800000000	-53097.3000000000	-45990.1900000000
-45529.5500000000	-52573.6500000000	-45449.5000000000
-46434.9000000000	-51630.0700000000	-45121.1700000000
-47050.1900000000	-50951.4770000000	-44936.0800000000
-51648.7100000000	-52066.3300000000	-45932.2200000000
-50109.5040000000	-52842.8800000000	-47508.6400000000
-57013.6400000000	-53179.8800000000	-47945.7300000000
-56243.8000000000	-53385.0800000000	-48592.1400000000
-55480.8100000000	-53129.2200000000	-47992.8200000000
-55483.7600000000	-52126.4100000000	-46577.5900000000
-57004.1500000000	-52171.1900000000	-46567.6600000000
-57692.6800000000	-52813.1600000000	-47325.3400000000
-54710.1600000000	-52752.0400000000	-47415.3700000000
-56247.2200000000	-51822.2200000000	-46159.1000000000
-42434.0800000000	-44892.4900000000	-48539.9700000000
-40840.4200000000	-45792.2400000000	-47508.8100000000
-41663.7400000000	-45366.8500000000	-49412.0890000000
-41809.1800000000	-45263.9100000000	-47666.3100000000
-45351.0200000000	-45515.8800000000	-51799.6800000000
-43835.5400000000	-46657.7900000000	-52793.7000000000
-43218.1000000000	-46625.1400000000	-52005.4200000000
-43182.7300000000	-45828.9000000000	-50657.6960000000
-44750.9400000000	-45486.1900000000	-51031.6700000000
-44803.3800000000	-46063.3500000000	-52604.1700000000
-42636.3400000000	-46467.5500000000	-51380.5600000000
-44151.8000000000	-45346.6900000000	-50366.9650000000
-42400.2300000000	-47936.8800000000	-53769.3800000000
-41685.2600000000	-47684.2500000000	-53053.3700000000
-41709.9000000000	-46954.0700000000	-51774.3800000000
-43486	-47241.4800000000	-53429.6000000000
-40920.3400000000	-47428.2700000000	-52504.3700000000
-39433.7000000000	-47303.1500000000	-52430.9700000000
-40152.4200000000	-47675.4000000000	-53061.6000000000
-40918.8400000000	-46562.2000000000	-51047.7700000000
-37630.9000000000	-54734.2500000000	-53871.5600000000
-36306.6000000000	-55829.8800000000	-52629.3400000000
-36312	-53661.9600000000	-52599.1600000000
-37375.9000000000	-53884.2200000000	-53432.2100000000
-37329.3000000000	-55669.1900000000	-53480.8900000000
-35955.1000000000	-54750.5100000000	-52413.8500000000
-38207.6000000000	-53657.1700000000	-54145.2100000000
-39257.4000000000	-53684.6500000000	-54719.9400000000
-43243.9000000000	-47104.5400000000	-45573.5700000000
-41685.2600000000	-47593.9000000000	-45931.5100000000
-42515.1100000000	-49456.7070000000	-44634.5800000000
-43386.7300000000	-48391.4000000000	-44863.9900000000
-43984.5200000000	-47686.2800000000	-45001.2200000000
-42262.8600000000	-46865.5400000000	-46020.3700000000
-41459.1000000000	-48989.5100000000	-45224.5500000000
-45537.5700000000	-45254.8500000000	-48447.5600000000
-44614.8800000000	-45274.8800000000	-47660.4200000000
-46208.3400000000	-46222.7400000000	-46548.6600000000
-47052.8100000000	-45995.7900000000	-47486.7700000000
-46451.8600000000	-45555.7200000000	-48324.6600000000
-44761.1600000000	-45992.8500000000	-46482.7900000000
-45458.9000000000	-55691.3000000000	-48500.3200000000
-44431.4100000000	-55686.3600000000	-47665.3600000000
-44636.4300000000	-54564.7500000000	-46568.5900000000
-46283.7800000000	-54239.4000000000	-46961.0100000000
-46441.8700000000	-55167.5500000000	-48340.2900000000
-45533.8900000000	-53796.9700000000	-46234.2600000000
-43984.5200000000	-55342.0500000000	-46952.3500000000
-43984.5200000000	-54280.1000000000	-45907.0400000000
-43397.1900000000	-56070.2400000000	-47281.0700000000
-42452.1800000000	-55917.6100000000	-46410.5900000000
-42456.6900000000	-54771.2500000000	-45383.5200000000
-43383.3000000000	-53877.1100000000	-45283.5800000000
-55482.6600000000	-53016.6100000000	-52694.9800000000
-57007.6800000000	-53013.4500000000	-52694.3500000000
-56247.2200000000	-53213.1100000000	-52170.1600000000
-39535.6000000000	-48260.7500000000	-53465.7900000000
-38888.1000000000	-49487.5140000000	-53471.3300000000
-37813.2000000000	-49268.0980000000	-52732.4900000000
-63212.7000000000	-45880.2500000000	-48498.7300000000
-61612.2000000000	-45492.9800000000	-48043.5000000000
-62795.9000000000	-45408.5700000000	-49534.4270000000
-61555.3000000000	-44970.8800000000	-49564.0360000000
-60796.6000000000	-44990.0600000000	-48510.6900000000
-62350.9000000000	-46049.7000000000	-47582.4700000000
-59952.9900000000	-44255.1600000000	-50310.9920000000
-59201.6800000000	-44000.4500000000	-49586.6830000000
-61010.9000000000	-44697.4900000000	-50630.9970000000
-59525.0500000000	-44663.0900000000	-48249.7300000000
-53181.5500000000	-50827.1940000000	-45051.5900000000
-53181.5500000000	-51921.3500000000	-46066.9800000000
-51648.7100000000	-50840.9560000000	-45038.8000000000
-53962.5700000000	-51314.6700000000	-45616.4500000000
-52413.9700000000	-50291.2160000000	-44759.5000000000
-43213.4500000000	-56948.4400000000	-48501.7800000000
-41082.7900000000	-57359.8500000000	-47326.6800000000
-42095.2500000000	-57522.0500000000	-48518.2800000000
-41685.2600000000	-57485.7700000000	-48008.4200000000
-41490.2300000000	-56719.1300000000	-46718.6200000000
-44843.4500000000	-56289.0600000000	-49535.9370000000
-42554.4600000000	-57418.9900000000	-49523.5020000000
-44167.9700000000	-56342.6600000000	-48297.9000000000
-43184.6000000000	-56935.1100000000	-50592.6710000000
-58565.9300000000	-45739.8000000000	-46346.4300000000
-58768.0400000000	-46826.7400000000	-45222.8600000000
-60076.6000000000	-47102.3000000000	-45474.3400000000
-59998.5600000000	-46126.5700000000	-46653.6900000000
-57814.7800000000	-46133.3000000000	-45615.3500000000
-59312.9000000000	-47572.0100000000	-44895.0200000000
-57614.1100000000	-45110.2000000000	-46664.8800000000
-57013.6400000000	-44446.8600000000	-47071.2300000000
-56269.0900000000	-44891.3200000000	-46466.4300000000
-57013.6400000000	-46576.3700000000	-44985.8200000000
-56354.8100000000	-45918.1200000000	-45389.9300000000
-55480.8100000000	-44271.7900000000	-46908.5300000000
-53916.0800000000	-44096.0400000000	-46614.8800000000
-53797.1500000000	-45046.1500000000	-45795.8800000000
-55480.8100000000	-45296.8300000000	-45828.9000000000
-54742.2900000000	-43672.9000000000	-47251.0400000000
-53181.5500000000	-44472.3000000000	-46078.7300000000
-54698.1300000000	-45748.8000000000	-45249.1200000000
-47050.1900000000	-52184.2200000000	-55278.4800000000
-45542.5900000000	-52397.7200000000	-55544.4700000000
-46325.3500000000	-51521.0400000000	-55790.5000000000
-52415.1300000000	-43107.1200000000	-53242.7700000000
-52415.1300000000	-44390.5100000000	-54082.2800000000
-50864.1830000000	-45899.3000000000	-54980.5100000000
-50174.4670000000	-45131.9500000000	-54506.5300000000
-63227.2000000000	-49259.5110000000	-53734.2300000000
-62378.6000000000	-50955.4180000000	-54136.4400000000
-67023.3000000000	-49283.8320000000	-49534.4270000000
-67558	-51496.9900000000	-49522.9950000000
-66854.7000000000	-49341.0520000000	-50577.1460000000
-67386.2000000000	-50523.6810000000	-50401.6240000000
-66878.6000000000	-49379.5800000000	-48613.9600000000
-67292.2000000000	-50377.1680000000	-48768.8400000000
-67578.1000000000	-51470.5000000000	-50550.5730000000
-67262.4000000000	-51569.3300000000	-48340.4000000000
-67337.5000000000	-52349.2400000000	-50550.5730000000
-66652.9000000000	-53194.6400000000	-50550.5730000000
-66151.4000000000	-53318.9900000000	-49489.8830000000
-66533.5000000000	-52749.9000000000	-48308.4500000000
-59313.2700000000	-50483.2370000000	-45073.2600000000
-59312.9000000000	-51901.3700000000	-46085.5400000000
-57780.0600000000	-51873.5100000000	-46111.4300000000
-57774.9300000000	-50479.9990000000	-45072.8000000000
-60082.7000000000	-51285.9700000000	-45604.9600000000
-58536.3400000000	-52361.6200000000	-46720.1300000000
-57011.2000000000	-51269.6400000000	-45637.8400000000
-58546.4800000000	-49947.3595000000	-44853.1600000000
-61557.8000000000	-51320.9500000000	-45675.2100000000
-60079.3000000000	-49928.3908000000	-44870.7900000000
-60859.8000000000	-49303.6470000000	-44853.9200000000
-61729.8000000000	-49280.4580000000	-45000.6900000000
-62358.3000000000	-50489.2760000000	-45359.5400000000
-60845.7000000000	-51915.6100000000	-46072.3000000000
-63721.7000000000	-48427.9200000000	-45942.1000000000
-64540.2000000000	-49501.0140000000	-45854.1800000000
-63796.5000000000	-50338.6700000000	-45545.8800000000
-63145	-47755.6200000000	-46081.8200000000
-62385.9000000000	-48174.0800000000	-45443.7900000000
-56245.1400000000	-50485.4560000000	-45045.4500000000
-54714.3900000000	-51825.8900000000	-46155.7000000000
-54714.3900000000	-50745.6880000000	-45127.3400000000
-55299.0300000000	-50201.1330000000	-44858.3100000000
-38477.4000000000	-50278.4670000000	-46404.7700000000
-37001	-52587.8200000000	-46348.8800000000
-37849	-52584.8700000000	-45529.4500000000
-38673.6000000000	-51437.8500000000	-45567.6700000000
-38620	-57099.9400000000	-46440.0900000000
-37853.2000000000	-57436.2000000000	-47038.3400000000
-37252.1000000000	-57567.6200000000	-47713.1300000000
-36342.1000000000	-56924.7000000000	-47515.9100000000
-36369.1000000000	-55800.4700000000	-46520.3700000000
-37378.6000000000	-55661.4900000000	-45598.8400000000
-37853.2000000000	-56509.6900000000	-45867.1600000000
-59359.0600000000	-53541.2600000000	-48554.3300000000
-58556.9600000000	-53649.4600000000	-49534.1700000000
-57013.3900000000	-53590.3800000000	-49531.1880000000
-58546.4800000000	-53212.1700000000	-47915.7200000000
-57780.4300000000	-53534.3400000000	-50558.2520000000
-57016.3900000000	-53327.1100000000	-51605.5000000000
-55481	-53375.2300000000	-51603.3300000000
-54642.8500000000	-53612.8300000000	-50552.0720000000
-55479.9900000000	-53538.8800000000	-49527.2970000000
-60079.6000000000	-53285.5600000000	-51470.8400000000
-58554.2000000000	-53313.2300000000	-51474.8400000000
-59433.7500000000	-53591.4200000000	-50512.1320000000
-60845.7000000000	-53099.6000000000	-52064.6600000000
-60078.6000000000	-52734.8600000000	-52666.8900000000
-58614.3700000000	-52871.9300000000	-52630.1500000000
-60853.6000000000	-52933	-47421.1300000000
-59318.7100000000	-52957.2500000000	-47411.9200000000
-61630.2000000000	-52347.6200000000	-46729.4700000000
-60079.3000000000	-53250.2700000000	-47880.3100000000
-36112.1000000000	-54750.5100000000	-46739.4400000000
-36440.4000000000	-53559.8000000000	-46600.5300000000
-36684.3000000000	-54750.5100000000	-45952.3600000000
-37282.5000000000	-53821.7700000000	-45577.7000000000
-35636.4000000000	-54750.5100000000	-47502.1300000000
-37642.4000000000	-54725.3500000000	-45189.8100000000
-63405.2000000000	-45799.5100000000	-50630.1290000000
-62690.7000000000	-45851.0400000000	-51724.7400000000
-61466.7000000000	-45169.4200000000	-51505.9400000000
-64975.4000000000	-46821.8700000000	-49394.9600000000
-63964.2000000000	-45943.3600000000	-49544.7140000000
-65222.7000000000	-47236.6500000000	-50377.4010000000
-64592.9000000000	-47147.8000000000	-51514.1000000000
-63776.9000000000	-46384.3000000000	-51391.4900000000
-41529.2200000000	-55649.8800000000	-45641.7600000000
-39386	-56567.7000000000	-45813.2400000000
-39386	-55407.0700000000	-44859.6300000000
-40151.8600000000	-54662.7600000000	-44580.3000000000
-40918.8400000000	-55240.8000000000	-45014.1600000000
-40918.8400000000	-56373.2500000000	-45993.9600000000
-40175.8400000000	-56984.9500000000	-46475.1100000000
-38629.3000000000	-56052.9400000000	-45293.0700000000
-59889.1400000000	-45355.4500000000	-47663.5300000000
-61612.2000000000	-46429.5900000000	-46881.6900000000
-59312.9000000000	-45609.3300000000	-47135.4900000000
-61027.1000000000	-46641.7000000000	-46303.1400000000
-51561.8500000000	-45804.9300000000	-45184.5200000000
-51483.8400000000	-44486.4500000000	-46310.4700000000
-50052.7096000000	-45876.4500000000	-45440.1600000000
-52412.4800000000	-45105.4000000000	-45619.5800000000
-50397.6530000000	-45056.4800000000	-46652.6500000000
-50882.2900000000	-46433.0400000000	-44852.6100000000
-57182.1900000000	-43375.0300000000	-48330.8300000000
-57580.1700000000	-44051.1900000000	-47733.9500000000
-56197.0300000000	-42931.9700000000	-48657.0500000000
-55480.8100000000	-43188.1100000000	-47933.6400000000
-54776.4900000000	-42570.8900000000	-48450.5800000000
-53181.5500000000	-42297.3900000000	-48121.9600000000
-53181.5500000000	-43295.5400000000	-47017.3400000000
-53772.3800000000	-42077.5200000000	-48700.9500000000
-52419.4000000000	-42886.5300000000	-47578.3600000000
-65226.5000000000	-47230.2100000000	-48686.4700000000
-64535.6000000000	-47170.4900000000	-47579.6600000000
-63911.4000000000	-46519.9800000000	-47981.8500000000
-62396.3000000000	-46990.7900000000	-46515.4600000000
-61017.6000000000	-47992.5000000000	-45057.9200000000
-55341.3400000000	-42095.6500000000	-50303.1590000000
-56957.0100000000	-42787.6000000000	-49570.4680000000
-55633.0700000000	-42310.1500000000	-49351.8410000000
-66225.8000000000	-49263.8820000000	-47509.7900000000
-66537.2000000000	-51623.1400000000	-47215.9100000000
-65478.9000000000	-51459.5300000000	-46442.3700000000
-66845	-50520.7950000000	-47611.5700000000
-65378.4000000000	-49330.6950000000	-46519.1200000000
-65070.3000000000	-50377.1680000000	-45965.6800000000
-65460.3000000000	-48183.4300000000	-47493.3600000000
-63687.1000000000	-47371.3500000000	-46741.4700000000
-49395.8190000000	-45620.7500000000	-46521.2200000000
-48608.7800000000	-45667.0500000000	-47526.0800000000
-47816.6100000000	-46653.0500000000	-45057.0800000000
-47228.5400000000	-46461.2800000000	-45658.5500000000
-48664.4400000000	-46232.6500000000	-45642.0800000000
-47810.4900000000	-45321.7300000000	-49655.6160000000
-47050.7300000000	-45250.4100000000	-50542.0970000000
-45508.0900000000	-45155.3600000000	-50572.7950000000
-44747.2500000000	-44915.8200000000	-49530.0150000000
-47050.1900000000	-45440.8500000000	-49011.1960000000
-53813.7100000000	-53585.4400000000	-49592.1000000000
-35078.2000000000	-52686.3800000000	-49667.3620000000
-35221.7000000000	-53657.1700000000	-48753.1100000000
-35725.9000000000	-53854.2100000000	-47666.1000000000
-35341.2000000000	-51462.8400000000	-49503.4390000000
-34967.8000000000	-53657.1700000000	-49534.4270000000
-36155.3000000000	-52571.3700000000	-47430.6900000000
-65850.8000000000	-47610.4800000000	-49534.4270000000
-66479.8000000000	-48419.2100000000	-49534.4270000000
-66626.8000000000	-52064.1300000000	-47502.1300000000
-65481.1000000000	-53315.0300000000	-48599.0600000000
-64677.8000000000	-53180.6200000000	-47945.0500000000
-64677.8000000000	-52218.9500000000	-46806.5200000000
-63906.1000000000	-52788.0300000000	-47279.5000000000
-63145	-53301.5700000000	-47832.6400000000
-64843.2000000000	-53820.9000000000	-49466.3810000000
-63135.2000000000	-54108.8100000000	-49554.1820000000
-62379.6000000000	-53771.8600000000	-48454.2700000000
-63900	-51690.3600000000	-46284.2400000000
-62454.6000000000	-52839.4900000000	-47345.9800000000
-62550.6000000000	-51878.8000000000	-46334.6100000000
-62956.5000000000	-51305.3100000000	-45873.2900000000
-39386	-57621.2600000000	-52202.5000000000
-38090	-56656.0200000000	-53339.3400000000
-37853.2000000000	-57581.1100000000	-52165.1900000000
-38611.2000000000	-57944.8800000000	-51460.9200000000
-40214.8200000000	-57187.4300000000	-52747.8500000000
-37084.4000000000	-56956.1900000000	-52611.3800000000
-46887.9200000000	-55340.5800000000	-50297.9890000000
-46202.4600000000	-55616.6300000000	-49517.7410000000
-51451.2800000000	-43696.7900000000	-47371.4900000000
-42458.3200000000	-52547.1100000000	-55636.6300000000
-43188.4300000000	-55587.3600000000	-53458.3200000000
-44754.9000000000	-51465.4400000000	-55908.2200000000
-43263.4500000000	-51468.3900000000	-55582.3700000000
-40733.2200000000	-56493.4300000000	-53432.6900000000
-41574.1800000000	-56746.4400000000	-52603.4600000000
-42624.5600000000	-56303.0600000000	-52780.4500000000
-62565.9000000000	-53193.7900000000	-52400.5700000000
-61669.4000000000	-53401.5000000000	-51536.3400000000
-62382.8000000000	-54044.7300000000	-50519.8710000000
-61522.1000000000	-51675.0500000000	-53870.7300000000
-61544.5000000000	-52813.6000000000	-52750.9200000000
-60845.7000000000	-52248.5500000000	-53305.9800000000
-67003.5000000000	-50355.7200000000	-51544.9300000000
-67300.6000000000	-51470.5000000000	-51338.8400000000
-60138.1000000000	-47039.9300000000	-53748.3200000000
-63735.7000000000	-48425.9200000000	-53147.1800000000
-62693.9000000000	-46933.7100000000	-52725.8400000000
-63145	-47691.4200000000	-53046.7100000000
-58618.3500000000	-48111.6900000000	-54720.4200000000
-59312.9000000000	-47523.3100000000	-54219.1000000000
-60845.7000000000	-46473.2000000000	-53162.7800000000
-61613.2000000000	-46000.4200000000	-52585.6100000000
-52415.1300000000	-42150.6900000000	-52099.3800000000
-53110.8400000000	-41792.3500000000	-51519.0300000000
-53947.9800000000	-41630	-50551.5080000000
-51972.1200000000	-42091.8400000000	-51566.7200000000
-49329.0680000000	-44833.4300000000	-53665.5400000000
-49287.9860000000	-44592.6700000000	-51566.9200000000
-48666.6700000000	-44954.2400000000	-52615.2800000000
-50365.8390000000	-43586.6900000000	-50550.5730000000
-49714.1540000000	-44337.4200000000	-50550.5730000000
-51459.7900000000	-42399.7400000000	-50550.5130000000
-36888	-48190.5000000000	-51320.1500000000
-36559.8000000000	-48395.0700000000	-49744.6050000000
-37281.7000000000	-48333.3800000000	-48644.8700000000
-38075.7000000000	-47238.3200000000	-48663.9100000000
-36776.4000000000	-49046.2050000000	-51761.4800000000
-36054.9000000000	-49109.4190000000	-50628.7370000000
-41724.6200000000	-46058.8600000000	-50548.3100000000
-38840.5000000000	-47403.0600000000	-47764.1100000000
-39386	-46481.7900000000	-47946.3500000000
-42451.6800000000	-45516.8100000000	-49987.0580000000
-41679.4800000000	-46105.4700000000	-46683.6500000000
-38459.3000000000	-49053.2200000000	-47075.2800000000
-38176.3000000000	-48413.2500000000	-47684.1900000000
-39385.6000000000	-50373.1220000000	-45481.3200000000
-40289.5700000000	-50552.0940000000	-44798.1100000000
-40918.8400000000	-49800.8600000000	-44934.2200000000
-54731.8700000000	-48289.6700000000	-55311.7400000000
-53186.5400000000	-48148.7500000000	-55424.4900000000
-52249.8900000000	-47286.4700000000	-55236.2800000000
-51648.7100000000	-46585.6200000000	-55090.5800000000
-59291.3000000000	-44950.6400000000	-52539.2300000000
-60301.2000000000	-45726.5400000000	-52826.3900000000
-57026.2600000000	-49439.4970000000	-55242.5900000000
-57965.8400000000	-49027.6900000000	-55099.5200000000
-55487.4500000000	-49280.8110000000	-55380.7900000000
-43188.4300000000	-48111.5100000000	-54716.7400000000
-43196.1300000000	-49364.6470000000	-55377.8600000000
-42419.1900000000	-50348.6930000000	-55238.7200000000
-48438.5300000000	-54593.2600000000	-51529.4300000000
-49498.7240000000	-53011.9000000000	-48299.7600000000
-53238.2600000000	-53797.3800000000	-50629.4250000000
-52414.0300000000	-53655.1700000000	-51563.2000000000
-53868.3300000000	-52279.8300000000	-46668.1300000000
-37058.5000000000	-52544.6400000000	-52669.0800000000
-36565.2000000000	-51598.4500000000	-52375.9800000000
-37130.9000000000	-50330.4360000000	-52484.9500000000
-48583.0300000000	-52043.0700000000	-55147.3000000000
-47835	-51475.6200000000	-55638.8400000000
-60103.4000000000	-44594.8600000000	-51602.4100000000
-57935.6800000000	-43351.6600000000	-49308.1140000000
-66306.7000000000	-49215.3090000000	-51630.9600000000
-64512.2000000000	-48293.2700000000	-52497.8300000000
-65415.4000000000	-48160.7000000000	-51615.8100000000
-59152.5100000000	-52188.3000000000	-53462.6400000000
-56259.7600000000	-50237.8550000000	-55195.0100000000
-57780.0600000000	-53169.1900000000	-52129.3400000000
-53090.8500000000	-50353.9150000000	-55590.3400000000
-53852.5600000000	-49282.6830000000	-55567.4100000000
-52415.1300000000	-51098.7300000000	-55285.7800000000
-54135.4000000000	-53043.0200000000	-52779.7100000000
-54714.3900000000	-53206.8200000000	-52164.3100000000
-35087.6000000000	-54750.5100000000	-50800.6770000000
-37183.9000000000	-57757.4900000000	-51441.7600000000
-37720	-58134.3900000000	-50607.1030000000
-37068.1000000000	-58044.4400000000	-49539.0950000000
-35408.7000000000	-54750.5100000000	-51566.7200000000
-35010	-54762.6300000000	-49517.9270000000
-35722.4000000000	-56803.3700000000	-48667.9500000000
-35354.8000000000	-55843.8400000000	-48518.2800000000
-35240.3000000000	-54747.1100000000	-48440.2300000000
-36654.2000000000	-57554.2600000000	-48518.2800000000
-36052.6000000000	-49548.7480000000	-49534.4270000000
-35608.6000000000	-50392.2400000000	-50550.2310000000
-51636.6000000000	-50456.9640000000	-55705.8700000000
-48581.3500000000	-50356.3380000000	-55910.6900000000
-50877.9770000000	-49290.6820000000	-55835.7300000000
-49345.2030000000	-49292.1520000000	-55943.5900000000
-53184.5000000000	-53208.5800000000	-52467.5300000000
-47816.2200000000	-50459.6110000000	-44738.9900000000
-50101.1250000000	-49273.1740000000	-44447.6100000000
-48628.8500000000	-49271.2020000000	-44419.4200000000
-50884.2680000000	-50278.2550000000	-44788.4100000000
-43218.1000000000	-56398.1800000000	-52081.9200000000
-42450.8700000000	-56942.1900000000	-51572.7400000000
-44450.6100000000	-53502.4200000000	-45592.1400000000
-44750.9400000000	-52068.8300000000	-44913.7500000000
-45555.9000000000	-51354.0600000000	-44840.9500000000
-44166.4100000000	-52788.1600000000	-45020.2000000000
-46290.3900000000	-50425.5940000000	-44752.7200000000
-43277.9900000000	-45114.0400000000	-49508.3150000000
-43177.7300000000	-44968.7000000000	-47564.1900000000
-44139.0700000000	-44787.7000000000	-48463.5200000000
-42451.6800000000	-45428.0400000000	-46966.9900000000
-46265.5100000000	-45289.4500000000	-51578.0600000000
-45886.2300000000	-45436.7100000000	-52582.8700000000
-44386.3600000000	-46577.0700000000	-53599.0100000000
-45417.2100000000	-45814.2500000000	-53642.2300000000
-44242.1600000000	-47250.6000000000	-54464.1600000000
-35470.9000000000	-53672.3800000000	-51590.4300000000
-35775.8000000000	-52563.8400000000	-51814.1900000000
-44766.9100000000	-46923.5000000000	-45307.7800000000
-43129.2700000000	-45944.9900000000	-46430.6400000000
-43984.5200000000	-46444.6400000000	-45879.5300000000
-43962.4200000000	-49246.2920000000	-44428.6100000000
-43218.6300000000	-50384.9450000000	-44211.3800000000
-41664.7700000000	-50316.6750000000	-44396.4100000000
-44742.5000000000	-48119.2000000000	-44705.5200000000
-43984.5200000000	-45448.8800000000	-46986.3600000000
-45517.3600000000	-46451.0400000000	-45885.4800000000
-46198.7200000000	-46769.2100000000	-45269.7500000000
-47821.7200000000	-45586.4800000000	-48558.8200000000
-41523.9900000000	-54562.0200000000	-44842.7000000000
-42409.9600000000	-53483.7000000000	-44672.1300000000
-43111.7500000000	-52538.5400000000	-44580.5800000000
-63322.7000000000	-46639.2900000000	-47312.1700000000
-58489.4700000000	-43899.7400000000	-48567.9100000000
-58547.7600000000	-44877.4500000000	-47509.7000000000
-53960.8800000000	-50287.6630000000	-44793.1900000000
-53179.0700000000	-49390.7730000000	-44353.6800000000
-51651.0700000000	-49336.9060000000	-44412.2400000000
-41707.8500000000	-57767.4300000000	-49535.9850000000
-40872.5500000000	-57913.6500000000	-48570.8400000000
-40173.1600000000	-57662.7500000000	-47589.9400000000
-39386	-57473.5900000000	-47003.6000000000
-41874.6800000000	-57480.3200000000	-50804.2220000000
-58420.8200000000	-48175.8300000000	-44541.7100000000
-57807.4800000000	-47189.6500000000	-44787.6500000000
-60102.4000000000	-48293.7900000000	-44770.2800000000
-56272.1600000000	-47175.6500000000	-44573.3700000000
-57098.3000000000	-48217.7700000000	-44381.2300000000
-55480.8100000000	-46435.3000000000	-44854.7100000000
-53276.3900000000	-45802.6300000000	-45200.0200000000
-53947.9700000000	-46395	-44817.2500000000
-54755.9200000000	-47086.3100000000	-44439.9700000000
-47052.3900000000	-50366.2180000000	-55968.7900000000
-45521.4600000000	-50386.9740000000	-55889.0200000000
-50891.7270000000	-47043.6400000000	-55266.5500000000
-50115.8710000000	-46445.8800000000	-55220.4600000000
-49252.3730000000	-45781.2700000000	-54946.2100000000
-48583.0300000000	-45330.1400000000	-54225.1400000000
-66164.9000000000	-48215.8600000000	-50609.3660000000
-59315.1700000000	-49314.6920000000	-44674.1500000000
-57013.6400000000	-49991.9812500000	-44811.6900000000
-57782.5100000000	-49321.9160000000	-44649.6400000000
-64677.8000000000	-50927.0980000000	-45974.8800000000
-56272.2300000000	-49296.1380000000	-44441.1300000000
-54707.4000000000	-49355.1860000000	-44379.8000000000
-38177.6000000000	-53657.1700000000	-44883.8300000000
-38729.1000000000	-52744.7400000000	-44767.0800000000
-39486.2000000000	-51619.8100000000	-44725.2700000000
-38612	-57730.2200000000	-47575.7200000000
-35690.4000000000	-55687.4500000000	-47635.2900000000
-37855.6000000000	-58025.8900000000	-48552.4500000000
-60772.4000000000	-53696.1100000000	-48494.1100000000
-60092.6000000000	-53905.2800000000	-49536.8020000000
-53950.0700000000	-53406.4100000000	-51594.9600000000
-60863.7000000000	-53789.7600000000	-50656.8430000000
-61612.2000000000	-53284.3100000000	-47848.6700000000
-38668.2000000000	-54685.1800000000	-44639.9000000000
-63145	-46523.8100000000	-52099.6000000000
-60845.7000000000	-45328.2100000000	-52194.6400000000
-63734.6000000000	-47329.0800000000	-52375.9900000000
-41064.3800000000	-53695.9100000000	-44321.5500000000
-39275.4000000000	-53589.7900000000	-44339.0900000000
-51644.1400000000	-47204.0500000000	-44528.2000000000
-52415.1300000000	-46426.0100000000	-44846.0700000000
-50733.1020000000	-44456.1700000000	-47277.6800000000
-50168.2550000000	-47116.3100000000	-44586.0300000000
-49349.4520000000	-46549.0700000000	-44960.4500000000
-49693.1390000000	-45182.5100000000	-47635.4200000000
-54749.1800000000	-41995.9500000000	-49636.8540000000
-51634.8900000000	-42876.8500000000	-48509.5200000000
-52594.6400000000	-42106.1900000000	-48722.3900000000
-53195.9900000000	-41582.6700000000	-49493.7120000000
-48750.8900000000	-45386.1200000000	-48737.7800000000
-47037.4400000000	-47149.2600000000	-44669.5000000000
-48500.4900000000	-47234.3500000000	-44543.1400000000
-47747.5500000000	-48094.3800000000	-44352.2900000000
-49324.1480000000	-44879.0600000000	-49550.6400000000
-48670.5700000000	-45023.2900000000	-50604.4720000000
-47962.5200000000	-45136.6700000000	-51565.3100000000
-35185.1000000000	-52396.6600000000	-50682.2390000000
-35332.7000000000	-51470.5000000000	-50550.5730000000
-35075.9000000000	-53646.9200000000	-50464.5330000000
-61620.3000000000	-54101.6200000000	-49548.0110000000
-40166.6100000000	-57755.2500000000	-51624.3000000000
-39458.3000000000	-58185.1400000000	-50642.2420000000
-41098.6400000000	-57425.9300000000	-51782.5800000000
-50816.1150000000	-43758.8900000000	-48561.1500000000
-43985.7900000000	-50377.6900000000	-55630.5800000000
-52354.1200000000	-41569.2800000000	-50549.6970000000
-47797.2500000000	-45288.4400000000	-53492.0400000000
-47041.1000000000	-45256.0200000000	-52600.1700000000
-50287.4350000000	-43936.1100000000	-49673.8380000000
-51137.2000000000	-42893.4000000000	-49740.4680000000
-51968.7600000000	-42087.0500000000	-49534.4270000000
-36182.6000000000	-50458.4480000000	-51677.9500000000
-40749.7400000000	-51410.6800000000	-44275.4400000000
-52483.3900000000	-49184.7210000000	-55745.5800000000
-51657.9300000000	-48302.6500000000	-55566.3700000000
-44094.3700000000	-48330.5900000000	-55355.4600000000
-44812.3400000000	-49302.7310000000	-55603.2000000000
-35699.6000000000	-51620.9900000000	-51445.0800000000
-38620	-58238.5000000000	-49537.9670000000
-47820.7300000000	-49290.2060000000	-56012.7200000000
-50092.1283000000	-48229.3100000000	-55608.3300000000
-48579.9600000000	-48212.7500000000	-55868.2400000000
-47056.7000000000	-49405.9230000000	-44372.7300000000
-49341.7810000000	-48186.5700000000	-44505.4100000000
-50883.9100000000	-48193.1900000000	-44307.2800000000
-43990.8900000000	-51527.3100000000	-44417.5200000000
-44853.0800000000	-50415.2360000000	-44376.5600000000
-45504.9500000000	-49267.4890000000	-44354.3800000000
-46465.7200000000	-45410.9500000000	-53375.1100000000
-47050.1900000000	-45545.9600000000	-54024.5500000000
-44932.4000000000	-46511.7200000000	-54383.7000000000
-45517.3600000000	-46652.2600000000	-55028.6500000000
-46253.8400000000	-45989.9800000000	-54682.2500000000
-44941.3000000000	-47338.2400000000	-55154.8600000000
-45517.3600000000	-47487.7300000000	-44816.7000000000
-42446.0700000000	-51467.0400000000	-44167.1700000000
-46238.9600000000	-48118.8400000000	-44408.6300000000
-41674.8000000000	-52547.4400000000	-44141.1800000000
-53948.4800000000	-48194.3000000000	-44183.9400000000
-52417.9600000000	-48194.4700000000	-44279.1700000000
-40301.1300000000	-58196.2100000000	-49536.6310000000
-40809.2800000000	-57957.7800000000	-50511.3490000000
-39450.1000000000	-58061.7500000000	-48480.4600000000
-55477.5300000000	-48193.0600000000	-44231.2200000000
-53250.9700000000	-47108.9700000000	-44463.1000000000
-46290.4200000000	-49292.7770000000	-55805.6500000000
-49283.1230000000	-47166.6800000000	-55454.9200000000
-48583.0300000000	-46390.3900000000	-55272.0300000000
-47836.0600000000	-45806.4900000000	-54679.1800000000
-39976.7000000000	-52480.0800000000	-44270.0100000000
-49946.1303000000	-44707.7300000000	-48503.8500000000
-45640.3000000000	-48246.6400000000	-55552.8600000000
-47056	-48206.7300000000	-55843.7400000000
-47816.4100000000	-47093.7300000000	-55635.4300000000
-46359.0100000000	-47265.7400000000	-55477.6800000000
-47050.1900000000	-46488.2500000000	-55181.0800000000