55791.6200000000	1077.49000000000	-5314.82000000000
58332.7200000000	190.980000000000	-5234.54000000000
35261.5000000000	1274.27000000000	-2074.98000000000
36161.6000000000	2587.97000000000	-3851.04000000000
33771.7000000000	2413.93000000000	-3050.75000000000
38576.5000000000	6573.23000000000	-4595.48000000000
45470.5900000000	12063.7200000000	-2822.20000000000
49343.3870000000	11309.7600000000	-3182.70000000000
62242.5000000000	8091.55000000000	-1042.69100000000
60643	9062.88000000000	-10.1800000000000
59808.3600000000	6875.50000000000	3107.59000000000
44514.5600000000	10097.5400000000	-4061.39000000000
46023.6800000000	8894.38000000000	-4937.33000000000
42208.6300000000	8999.49000000000	-4063.65000000000
43820.5400000000	7876.56000000000	-4962.16000000000
59101.1900000000	5718.19500000000	-5092.25000000000
51676.5900000000	458.370000000001	-87.6520000000000
51912.2500000000	1200.41000000000	2219.95000000000
49132.1640000000	1650.16000000000	63.2910000000001
47575.5600000000	1807.19000000000	1939.71000000000
61503.5000000000	3479.02000000000	-4221.83000000000
59204.6300000000	3709.57000000000	-5396.22000000000
60622.1000000000	-753.830000000000	-4717.29000000000
52198.4100000000	1420.75000000000	-4053.29000000000
42107.9200000000	11353.7500000000	-2028.25000000000
34690	4413.93800000000	-3676.82000000000
39936.4000000000	4626.90400000000	-5052.22000000000
42193.7700000000	3691.98000000000	-4954.94000000000
45293.0300000000	3511.58000000000	-5171.25000000000
64243.1000000000	-1826.74000000000	-976.851000000000
63465.6000000000	4622.83200000000	1273.69000000000
49884.1290000000	3095.79000000000	-5468.25000000000
48359.2800000000	2344.68000000000	-4075.46000000000
50652.8910000000	3496.69000000000	4173.87000000000
55272.2900000000	-874.650000000000	-2076.91000000000
53718.5700000000	222.830000000000	-3062.77000000000
49859.8220000000	1310.88000000000	-3053.48000000000
53012.8600000000	2596.75000000000	3879.30000000000
49126.2190000000	2296.83000000000	3142.92000000000
43745.3700000000	2201.48000000000	2139.90000000000
59112.2300000000	9684.46000000000	893.420000000000
55999.6400000000	8874.11000000000	-1935.95000000000
57443.3400000000	7715.62000000000	-3037.63000000000
59789.8900000000	8120.74000000000	-2039.16000000000
63345.1000000000	249.490000000000	-3605.42000000000
57631.9000000000	6794.34000000000	4246.42000000000
54522.3600000000	9294.43000000000	2115.90000000000
54425.3300000000	138.130000000000	2172.75000000000
56577.9300000000	-7.88000000000011	3308.64000000000
43750.4500000000	2537.37000000000	-3927.95000000000
61533.5000000000	6808.05000000000	-3207.19000000000
37795.9000000000	9600.16000000000	808.190000000000
39778.2000000000	10508.3600000000	215.940000000000
47687.9100000000	3559.40000000000	4054.69000000000
57577.9300000000	-1819.79000000000	2088.71000000000
56067.1100000000	-1763.43000000000	21.3180000000000
40687.1000000000	8572.70000000000	3686.58000000000
42986.3600000000	9451.48000000000	3487.17000000000
45236.3100000000	10245.7500000000	3337.25000000000
53465.5900000000	2132.85000000000	-5351.06000000000
46781.8800000000	11208.3500000000	-4112.65000000000
48418.1800000000	9960.20000000000	-4907.80000000000
37204.8000000000	4622.83200000000	-4601.40000000000
32599.4000000000	4856.72200000000	15.5730000000000
32924.7000000000	2236.15000000000	-9.23699999999997
41456.8600000000	3739.60000000000	3917.17000000000
39166.9000000000	4521.90300000000	4440.33000000000
36763.2000000000	5752.75800000000	4182.25000000000
44511.3600000000	3727.82000000000	3898.23000000000
62140.8000000000	3525.97000000000	2994.68000000000
62712	-1874.70000000000	2998.59000000000
42221.8900000000	1654.80000000000	1095.36000000000
43752.8100000000	1475.31000000000	-1006.08100000000
40687.1000000000	1903.81000000000	-2511.49000000000
39913.3000000000	2605.28000000000	2859.25000000000
37577.9000000000	9686.72000000000	-1040.05300000000
35454.5000000000	8543.13000000000	-754.974000000000
59768.4900000000	-954.790000000000	4180.26000000000
39119.8000000000	9199.37000000000	2164.25000000000
48926.9000000000	9897.07000000000	3648.32000000000
43769.5900000000	11093.0500000000	2101.83000000000
46070.0600000000	12031.3900000000	1927.38000000000
35675.1000000000	8492.72000000000	1031.72000000000
38609.7000000000	7639.99000000000	3838.68000000000
43656.6100000000	12428.9000000000	-1039.21500000000
33964.3000000000	4518.10500000000	2906.46000000000
35464.7000000000	6726.72000000000	2996.66000000000
52061.5900000000	8882.69000000000	3024.37000000000
53707.8500000000	9804.09000000000	40.3440000000000
45288.3600000000	1680.43000000000	939.680000000000
64506.7000000000	2408.28000000000	1053.53000000000
33827.9000000000	6781.20000000000	999.420000000000
34542.5000000000	2397.80000000000	2055.45000000000
36065.8000000000	1316.69000000000	1048.39000000000
36855	2801.01000000000	2724.92000000000
61376.6000000000	-2376.97000000000	-3137.52000000000
47588.0100000000	11174.7900000000	3054.38000000000
54484.1500000000	1346.07000000000	-5061.92000000000
55249.0600000000	660.900000000000	-4682.80000000000
55249.0600000000	1758.66000000000	-5694.83000000000
56756.7900000000	1438.33000000000	-5724.28000000000
56843.6800000000	321.130000000000	-4995.95000000000
56007.8300000000	2473.49000000000	-6108.97000000000
57548.3200000000	840.580000000000	-5531.94000000000
55843.1700000000	53.5699999999997	-4259.07000000000
57548.3200000000	-340.639999999999	-4597.48000000000
58327.3000000000	1446.15000000000	-5750.28000000000
59250.0500000000	-690.839999999999	-4699.04000000000
59850.4300000000	109.759999999999	-5256.05000000000
59270.6600000000	1096.83000000000	-5545.03000000000
58242.1300000000	-953.389999999999	-4163.65000000000
33879.4000000000	1616.99000000000	-1881.32000000000
34728.4000000000	1772.58000000000	-2862.34000000000
36089.6000000000	1736.12000000000	-2944.68000000000
35322.2000000000	2041.06000000000	-3400.08000000000
36891.6000000000	1300.17000000000	-2047.41000000000
36099	952.470000000000	-987.191000000000
34472	1286.35000000000	-1002.30100000000
35299.8000000000	3500.85000000000	-4084.49000000000
36867.6000000000	3568.91000000000	-4414.80000000000
36855	2041.38000000000	-3399.78000000000
34740	2664.56000000000	-3592.49000000000
37640.1000000000	2643.14000000000	-3862.97000000000
33361.9000000000	3529.50000000000	-2897.10000000000
34128	3529.50000000000	-3600.04000000000
32992.3000000000	2417.94000000000	-2022.66000000000
39154.3000000000	7243.88000000000	-4452.72000000000
37603.5000000000	6856.63000000000	-4138.33000000000
37763.3000000000	5489.81300000000	-4666.67000000000
39250.4000000000	5722.20900000000	-4978.69000000000
39899	6730.69000000000	-4811.39000000000
38414.8000000000	7749.91000000000	-3807.36000000000
44571.7000000000	11398.5700000000	-3230.25000000000
46052.0300000000	11691.2200000000	-3505.35000000000
46742.7800000000	12380.0400000000	-3140.76000000000
46052.0300000000	12718.7300000000	-2428.03000000000
44490.9300000000	12385.1700000000	-2061.88000000000
45494.0400000000	10921.5400000000	-3847.64000000000
45471.2300000000	12876.5500000000	-1804.66000000000
48323.9900000000	12209.5400000000	-3060.21000000000
49706.1650000000	10688.9700000000	-3825.95000000000
49832.5530000000	11083.6600000000	-2036.32000000000
48937.7300000000	12051.3100000000	-1969.26000000000
48376.3400000000	11182.5800000000	-4136.40000000000
49117.7100000000	10551.7200000000	-4478.59000000000
50265.3790000000	10633.3800000000	-3032.87000000000
61192.4000000000	8461.84000000000	-753.248000000000
62651.4000000000	7745.79000000000	-195.400000000000
60614	8378.36000000000	-1442.52000000000
61391.5000000000	8004.67000000000	-2098.03000000000
62380.2000000000	7134.32000000000	-2304.99000000000
63234.6000000000	7143.26000000000	-1166.36900000000
61740.2000000000	8416.10000000000	15.5730000000000
59782.0500000000	8770.43000000000	-848.829000000000
61036.9000000000	8707.99000000000	891.050000000000
59256.3400000000	9427.06000000000	-152.634000000000
60005.4000000000	9316.24000000000	1119.21000000000
59062.1200000000	7916.88000000000	3006.18000000000
59622.2900000000	5597.71300000000	3979.99000000000
58931.8400000000	6624.21000000000	3709.97000000000
60195.4000000000	8122.50000000000	2231.50000000000
60778.8000000000	7035.47000000000	2476.44000000000
60655.5000000000	5780.12700000000	3191.05000000000
43136.9300000000	9921.74000000000	-3693.45000000000
44693.0600000000	8799.05000000000	-4651.43000000000
43706.5000000000	9126.41000000000	-4213.61000000000
45285.6100000000	9515.87000000000	-4532.02000000000
46081.1800000000	10195.8400000000	-4431.50000000000
43752.7800000000	10615.2100000000	-3521.46000000000
45249.8900000000	7911.50000000000	-5261.29000000000
46838.4300000000	8015.66000000000	-5460.28000000000
47510.3400000000	9076.69000000000	-5151.63000000000
46052.0300000000	7394.19000000000	-5608.57000000000
46971.2300000000	9916.28000000000	-4701.60000000000
41453.5200000000	9570.56000000000	-3566.70000000000
40727.2700000000	8854.18000000000	-3840.70000000000
42301.9400000000	7708.75000000000	-4835.07000000000
41266.0200000000	8097.04000000000	-4478.09000000000
42986.3600000000	8411.40000000000	-4521.67000000000
42175.1000000000	10241.0600000000	-3271.31000000000
42995.2900000000	6744.36000000000	-5430.49000000000
44519.1900000000	7245.36000000000	-5470.24000000000
43940.1100000000	6575.71000000000	-5615.64000000000
58168.1200000000	6457.84000000000	-4932.71000000000
59732.3100000000	4570.51000000000	-4869.19000000000
57722.7000000000	5946.84400000000	-5510.75000000000
58443.9200000000	4835.04600000000	-5433.66000000000
60018.8000000000	5962.21000000000	-4504.70000000000
59065.0700000000	6942.43000000000	-4097.03000000000
52055.9700000000	71.1300000000001	-918.520000000000
52780.3900000000	-232.660000000000	239.078000000000
50708.3150000000	1484.78000000000	7.80599999999998
50948.9660000000	675.200000000000	-1000.57300000000
52320.4400000000	387.790000000000	1018.22000000000
51420.2000000000	1348.08000000000	1033.90000000000
51006.8300000000	1851.09000000000	2047.87000000000
52979.4300000000	482.910000000001	1912.27000000000
53010.5400000000	1436.45000000000	2965.03000000000
51596.3800000000	1816.12000000000	2862.01000000000
52183.3900000000	2048.03000000000	3424.74000000000
47745.2200000000	1207.58000000000	78.7619999999999
48425.5000000000	1119.86000000000	-903.224000000000
49906.3046000000	1201.89000000000	-868.328000000000
49884.1290000000	1924.04000000000	491.539000000000
49260.6560000000	2028.45000000000	1221.12000000000
48378.6800000000	1668.26000000000	1067.35000000000
46677.4800000000	2079.87000000000	2192.09000000000
48502.0900000000	2020.42000000000	2234.32000000000
46052.0300000000	1876.38000000000	1551.98000000000
46880.4900000000	1495.64000000000	973.110000000000
47655.7800000000	2488.26000000000	2996.35000000000
60294.6000000000	3317.31000000000	-4927.99000000000
61262.5000000000	2230.91000000000	-4717.99000000000
62006	2388.03000000000	-3901.27000000000
62007.4000000000	4379.61800000000	-3638.05000000000
60820.7000000000	4575.30200000000	-4319.60000000000
62504.5000000000	3529.50000000000	-3507.13000000000
58349.2300000000	3572.58000000000	-5672.10000000000
58998.3100000000	2462.73000000000	-5663.89000000000
59963.1100000000	2415.40000000000	-5354.45000000000
61530.3000000000	-1018.23000000000	-4409.83000000000
59847.5800000000	-1224.05000000000	-4402.37000000000
61285.1000000000	235.160000000000	-4856.74000000000
60607.9000000000	-1769.57000000000	-3875.44000000000
51416.9700000000	1922.93000000000	-4526.01000000000
52199.7600000000	2342.49000000000	-5157.02000000000
53506.2200000000	1095.80000000000	-4301.03000000000
51352.1800000000	1097.56000000000	-3201.54000000000
50624.6170000000	1723.50000000000	-3961.35000000000
52949.8100000000	1724.45000000000	-4710.48000000000
52949.8100000000	783.400000000001	-3552.79000000000
52331.2900000000	644.280000000000	-2862.05000000000
40801.6000000000	10863.9400000000	-1872.14000000000
41453.5200000000	10688.9700000000	-2573.86000000000
43027.9200000000	11046.5900000000	-2887.42000000000
43139.3500000000	11853.4900000000	-1826.71000000000
42352.6200000000	11840.3400000000	-771.416000000000
43752.7800000000	11726.6200000000	-2522.10000000000
41325.1900000000	11365.8000000000	-1065.69100000000
35977.2000000000	4673.79100000000	-4196.98000000000
33792.8000000000	4629.85400000000	-3039.44000000000
35469.2000000000	5519.08900000000	-3670.93000000000
34560.4000000000	5671.45600000000	-2908.78000000000
41394.3700000000	4542.90600000000	-5280.27000000000
40633.4400000000	5802.35600000000	-5210.64000000000
39942.5000000000	3325.91000000000	-4233.18000000000
38379.7000000000	4581.10600000000	-4747.38000000000
39154.3000000000	3997.61000000000	-4630.09000000000
40828.4300000000	3668.71000000000	-4748.39000000000
42810.9000000000	4433.49400000000	-5473.76000000000
42986.3600000000	3036.38000000000	-4507.31000000000
41453.5200000000	3122.86000000000	-4426.94000000000
42219.9400000000	5167.81800000000	-5574.79000000000
43852.8000000000	3587.51000000000	-5021.46000000000
42202.1800000000	2557.84000000000	-3906.30000000000
44519.1900000000	2981.73000000000	-4558.10000000000
45268.3400000000	4716.48600000000	-5787.23000000000
46052.0300000000	4018.92000000000	-5626.43000000000
46052.0300000000	2867.97000000000	-4663.84000000000
45303.9100000000	2454.51000000000	-4054.24000000000
44519.1900000000	4169.55000000000	-5486.44000000000
46833.3500000000	3326.77000000000	-5252.89000000000
64470.5000000000	-854.500000000000	-2007.94000000000
63719.7000000000	-2147.73000000000	-2011.53000000000
64817	-986.469999999999	170.154000000000
63997.2000000000	-2251.18000000000	174.095000000000
63582.3000000000	-2678.88000000000	-802.805000000000
64802.2000000000	-679.480000000000	-831.610000000000
63411	5498.75700000000	846.160000000000
62558.4000000000	5547.53900000000	1754.18000000000
64173.6000000000	4622.83200000000	257.282000000000
63946.1000000000	3743.30000000000	1218.62000000000
63160.9000000000	3710.61000000000	2206.10000000000
62455.3000000000	4849.67500000000	2232.17000000000
49184.4880000000	2747.56000000000	-4886.17000000000
49093.1780000000	3614.55000000000	-5737.40000000000
50635.5300000000	3698.05000000000	-5995.93000000000
50728.1240000000	2477.14000000000	-5022.09000000000
48127.1000000000	3275.31000000000	-5307.93000000000
49823.0010000000	4544.76800000000	-6251.29000000000
49726.0800000000	2040.70000000000	-4207.01000000000
47584.8700000000	2828.20000000000	-4700.79000000000
49117.7100000000	1836.72000000000	-3589.99000000000
48427.0200000000	1562.77000000000	-2859.64000000000
46821.3500000000	2342.69000000000	-4085.55000000000
47584.8700000000	1986.47000000000	-3450.81000000000
49884.1290000000	2816.77000000000	3726.42000000000
51588	2603.53000000000	3697.85000000000
50646.5030000000	4711.37000000000	4810.06000000000
49884.1290000000	4131.07000000000	4537.20000000000
49122.5920000000	3510.73000000000	4138.97000000000
50668.7070000000	2233.96000000000	3172.98000000000
52206.0100000000	3311.89000000000	4219.79000000000
51416.9700000000	4094.65700000000	4571.04000000000
53879.7000000000	-371.810000000000	-1794.75000000000
54482.6400000000	-335.650000000001	-2560.55000000000
56049.4800000000	-777.030000000000	-3037.23000000000
56194.6400000000	-1426	-1779.16000000000
55611.7800000000	-1419.75000000000	-1000.57300000000
55060.0100000000	-259.450000000000	-3255.22000000000
54460.9600000000	-859.660000000000	-991.948000000000
54587.4900000000	360.839999999999	-3987.58000000000
52917.9000000000	64.0599999999995	-2052.30000000000
50543.3930000000	869.660000000000	-1976.10000000000
49126.7410000000	1019.77000000000	-1999.55000000000
53716.2200000000	1902.70000000000	3559.81000000000
54470.4500000000	2426.35000000000	4100.50000000000
53565.1000000000	3369.93000000000	4428.83000000000
52949.8100000000	4048.52300000000	4613.92000000000
48351.2900000000	2933.67000000000	3617.78000000000
49890.4960000000	2157.12000000000	2041.36000000000
42986.3600000000	1820.12000000000	1604.27000000000
43756.2000000000	1614.92000000000	957.860000000000
44519.1900000000	1870.78000000000	1557.18000000000
44516.2400000000	2873.59000000000	2972.41000000000
42995.8500000000	2828.81000000000	2982.34000000000
42307.3200000000	2186.84000000000	2224.66000000000
45289.8400000000	2247.96000000000	2134.63000000000
43752.7800000000	3177.78000000000	3390.90000000000
57565.9200000000	10107.5100000000	1010.03000000000
59159.5800000000	9207.76000000000	2041.19000000000
58336.2600000000	9633.15000000000	137.911000000000
58190.8200000000	9736.09000000000	1883.69000000000
54648.9800000000	9484.12000000000	-2249.68000000000
56164.4600000000	8342.21000000000	-3243.70000000000
56781.9000000000	8374.86000000000	-2455.42000000000
56817.2700000000	9171.10000000000	-1107.69600000000
55249.0600000000	9513.81000000000	-1481.67000000000
55196.6200000000	8936.65000000000	-3054.17000000000
57363.6600000000	8532.45000000000	-1830.56000000000
55848.2000000000	9653.31000000000	-816.965000000000
57599.7700000000	7063.12000000000	-4219.38000000000
58314.7400000000	7315.75000000000	-3503.37000000000
58290.1000000000	8045.93000000000	-2224.38000000000
56514	7758.52000000000	-3879.60000000000
59079.6600000000	7571.73000000000	-2954.37000000000
60566.3000000000	7696.85000000000	-2880.97000000000
59847.5800000000	7324.60000000000	-3511.60000000000
59081.1600000000	8437.80000000000	-1497.77000000000
62369.1000000000	265.750000000000	-4321.56000000000
63693.4000000000	-829.880000000000	-3079.34000000000
63688	1338.04000000000	-3049.16000000000
62624.1000000000	1115.78000000000	-3882.21000000000
62670.7000000000	-669.190000000001	-3930.89000000000
64044.9000000000	249.490000000000	-2863.85000000000
61792.4000000000	1342.83000000000	-4595.21000000000
60742.6000000000	1315.35000000000	-5169.94000000000
56756.1000000000	7895.46000000000	3976.43000000000
58314.7400000000	7406.10000000000	3618.49000000000
57484.8900000000	5543.29300000000	4915.42000000000
56613.2700000000	6608.60000000000	4686.01000000000
56015.4800000000	7313.72000000000	4548.78000000000
57737.1400000000	8134.46000000000	3529.63000000000
58540.9000000000	6010.49000000000	4325.45000000000
54462.4300000000	9745.15000000000	1102.44000000000
55385.1200000000	9725.12000000000	1889.58000000000
53791.6600000000	8777.26000000000	3001.34000000000
52947.1900000000	9004.21000000000	2063.23000000000
53548.1400000000	9444.28000000000	1225.34000000000
55238.8400000000	9007.15000000000	3067.21000000000
54541.1000000000	-691.300000000000	1049.68000000000
55568.5900000000	-686.360000000000	1884.64000000000
55363.5700000000	435.250000000000	2981.41000000000
53716.2200000000	760.600000000000	2588.99000000000
53558.1300000000	-167.550000000000	1209.71000000000
54466.1100000000	1203.03000000000	3315.74000000000
56015.4800000000	-342.050000000000	2597.65000000000
56015.4800000000	719.900000000000	3642.96000000000
56602.8100000000	-1070.24000000000	2268.93000000000
57547.8200000000	-917.610000000000	3139.41000000000
57543.3100000000	228.750000000000	4166.48000000000
56616.7000000000	1122.89000000000	4266.42000000000
44517.3400000000	1983.39000000000	-3144.98000000000
42992.3200000000	1986.55000000000	-3144.35000000000
43752.7800000000	1786.89000000000	-2620.16000000000
60464.4000000000	6739.25000000000	-3915.79000000000
61111.9000000000	5512.48600000000	-3921.33000000000
62186.8000000000	5731.90200000000	-3182.49000000000
36787.3000000000	9119.75000000000	1051.27000000000
38387.8000000000	9507.02000000000	1506.50000000000
37204.1000000000	9591.43000000000	15.5730000000000
38444.7000000000	10029.1200000000	-14.0360000000000
39203.4000000000	10009.9400000000	1039.31000000000
37649.1000000000	8950.30000000000	1967.53000000000
40047.0100000000	10744.8400000000	-760.992000000000
40798.3200000000	10999.5500000000	-36.6830000000000
38989.1000000000	10302.5100000000	-1080.99700000000
40474.9500000000	10336.9100000000	1300.27000000000
46818.4500000000	4172.80600000000	4498.41000000000
46818.4500000000	3078.65000000000	3483.02000000000
48351.2900000000	4159.04400000000	4511.20000000000
46037.4300000000	3685.33000000000	3933.55000000000
47586.0300000000	4708.78400000000	4790.50000000000
56786.5500000000	-1948.44000000000	1048.22000000000
58917.2100000000	-2359.85000000000	2223.32000000000
57904.7500000000	-2522.05000000000	1031.72000000000
58314.7400000000	-2485.77000000000	1541.58000000000
58509.7700000000	-1719.13000000000	2831.38000000000
55156.5500000000	-1289.06000000000	14.0630000000000
57445.5400000000	-2418.99000000000	26.4980000000000
55832.0300000000	-1342.66000000000	1252.10000000000
56815.4000000000	-1935.11000000000	-1042.67100000000
41434.0700000000	9260.20000000000	3203.57000000000
41231.9600000000	8173.26000000000	4327.14000000000
39923.4000000000	7897.70000000000	4075.66000000000
40001.4400000000	8873.43000000000	2896.31000000000
42185.2200000000	8866.70000000000	3934.65000000000
40687.1000000000	7427.99000000000	4654.98000000000
42385.8900000000	9889.80000000000	2885.12000000000
42986.3600000000	10553.1400000000	2478.77000000000
43730.9100000000	10108.6800000000	3083.57000000000
42986.3600000000	8423.63000000000	4564.18000000000
43645.1900000000	9081.88000000000	4160.07000000000
44519.1900000000	10728.2100000000	2641.47000000000
46083.9200000000	10903.9600000000	2935.12000000000
46202.8500000000	9953.85000000000	3754.12000000000
44519.1900000000	9703.17000000000	3721.10000000000
45257.7100000000	11327.1000000000	2298.96000000000
46818.4500000000	10527.7000000000	3471.27000000000
45301.8700000000	9251.20000000000	4300.88000000000
52949.8100000000	2815.78000000000	-5728.48000000000
54457.4100000000	2602.28000000000	-5994.47000000000
53674.6500000000	3478.96000000000	-6240.50000000000
47584.8700000000	11892.8800000000	-3692.77000000000
47584.8700000000	10609.4900000000	-4532.28000000000
49135.8170000000	9100.70000000000	-5430.51000000000
49825.5330000000	9868.05000000000	-4956.53000000000
36772.8000000000	5740.48900000000	-4184.23000000000
37621.4000000000	4044.58200000000	-4586.44000000000
32976.7000000000	5716.16800000000	15.5730000000000
32442	3503.01000000000	27.0050000000000
33145.3000000000	5658.94800000000	-1027.14600000000
32613.8000000000	4476.31900000000	-851.624000000000
33121.4000000000	5620.42000000000	936.040000000000
32707.8000000000	4622.83200000000	781.160000000000
32421.9000000000	3529.50000000000	-1000.57300000000
32737.6000000000	3430.67000000000	1209.60000000000
32662.5000000000	2650.76000000000	-1000.57300000000
33347.1000000000	1805.36000000000	-1000.57300000000
33848.6000000000	1681.01000000000	60.1170000000000
33466.5000000000	2250.10000000000	1241.55000000000
40686.7300000000	4516.76300000000	4476.74000000000
40687.1000000000	3098.63000000000	3464.46000000000
42219.9400000000	3126.49000000000	3438.57000000000
42225.0700000000	4520.00100000000	4477.20000000000
39917.3000000000	3714.03000000000	3945.04000000000
41463.6600000000	2638.38000000000	2829.87000000000
42988.8000000000	3730.36000000000	3912.16000000000
41453.5200000000	5052.64050000000	4696.84000000000
38442.2000000000	3679.05000000000	3874.79000000000
39920.7000000000	5071.60920000000	4679.21000000000
39140.2000000000	5696.35300000000	4696.08000000000
38270.2000000000	5719.54200000000	4549.31000000000
37641.7000000000	4510.72400000000	4190.46000000000
39154.3000000000	3084.39000000000	3477.70000000000
36278.3000000000	6572.08000000000	3607.90000000000
35459.8000000000	5498.98600000000	3695.82000000000
36203.5000000000	4661.33000000000	4004.12000000000
36855	7244.38000000000	3468.18000000000
37614.1000000000	6825.92000000000	4106.21000000000
43754.8600000000	4514.54400000000	4504.55000000000
45285.6100000000	3174.11000000000	3394.30000000000
45285.6100000000	4254.31200000000	4422.66000000000
44700.9700000000	4798.86700000000	4691.69000000000
61522.6000000000	4721.53300000000	3145.23000000000
62999	2412.18000000000	3201.12000000000
62151	2415.13000000000	4020.55000000000
61326.4000000000	3562.15000000000	3982.33000000000
61380	-2099.94000000000	3109.91000000000
62146.8000000000	-2436.20000000000	2511.66000000000
62747.9000000000	-2567.62000000000	1836.87000000000
63657.9000000000	-1924.70000000000	2034.09000000000
63630.9000000000	-800.469999999999	3029.63000000000
62621.4000000000	-661.490000000000	3951.16000000000
62146.8000000000	-1509.69000000000	3682.84000000000
40640.9400000000	1458.74000000000	995.670000000000
41443.0400000000	1350.54000000000	15.8300000000000
42986.6100000000	1409.62000000000	18.8120000000000
41453.5200000000	1787.83000000000	1634.28000000000
42219.5700000000	1465.66000000000	-1008.25200000000
42983.6100000000	1672.89000000000	-2055.50000000000
44519	1624.77000000000	-2053.33000000000
45357.1500000000	1387.17000000000	-1002.07200000000
44520.0100000000	1461.12000000000	22.7030000000000
39920.4000000000	1714.44000000000	-1920.84000000000
41445.8000000000	1686.77000000000	-1924.84000000000
40566.2500000000	1408.58000000000	-962.132000000000
39154.3000000000	1900.40000000000	-2514.66000000000
39921.4000000000	2265.14000000000	-3116.89000000000
41385.6300000000	2128.07000000000	-3080.15000000000
39146.4000000000	2067	2128.87000000000
40681.2900000000	2042.75000000000	2138.08000000000
38369.8000000000	2652.38000000000	2820.53000000000
39920.7000000000	1749.73000000000	1669.69000000000
63887.9000000000	249.490000000000	2810.56000000000
63559.6000000000	1440.20000000000	2949.47000000000
63315.7000000000	249.490000000000	3597.64000000000
62717.5000000000	1178.23000000000	3972.30000000000
64363.6000000000	249.490000000000	2047.87000000000
62357.6000000000	274.650000000001	4360.19000000000
36594.8000000000	9200.49000000000	-1080.12900000000
37309.3000000000	9148.96000000000	-2174.74000000000
38533.3000000000	9830.58000000000	-1955.94000000000
35024.6000000000	8178.13000000000	155.040000000000
36035.8000000000	9056.64000000000	5.28600000000000
34777.3000000000	7763.35000000000	-827.401000000000
35407.1000000000	7852.20000000000	-1964.10000000000
36223.1000000000	8615.70000000000	-1841.49000000000
58470.7800000000	-649.879999999999	3908.24000000000
60614	-1567.70000000000	3736.76000000000
60614	-407.070000000000	4690.37000000000
59848.1400000000	337.240000000001	4969.70000000000
59081.1600000000	-240.800000000000	4535.84000000000
59081.1600000000	-1373.25000000000	3556.04000000000
59824.1600000000	-1984.95000000000	3074.89000000000
61370.7000000000	-1052.94000000000	4256.93000000000
40110.8600000000	9644.55000000000	1886.47000000000
38387.8000000000	8570.41000000000	2668.31000000000
40687.1000000000	9390.67000000000	2414.51000000000
38972.9000000000	8358.30000000000	3246.86000000000
48438.1500000000	9195.07000000000	4365.48000000000
48516.1600000000	10513.5500000000	3239.53000000000
49947.2904000000	9123.55000000000	4109.84000000000
47587.5200000000	9894.60000000000	3930.42000000000
49602.3470000000	9943.52000000000	2897.35000000000
49117.7100000000	8566.96000000000	4697.39000000000
42817.8100000000	11624.9700000000	1219.17000000000
42419.8300000000	10948.8100000000	1816.05000000000
43802.9700000000	12068.0300000000	892.950000000000
44519.1900000000	11811.8900000000	1616.36000000000
45223.5100000000	12429.1100000000	1099.42000000000
46818.4500000000	12702.6100000000	1428.04000000000
46818.4500000000	11704.4600000000	2532.66000000000
46227.6200000000	12922.4800000000	849.050000000000
47580.6000000000	12113.4700000000	1971.64000000000
34773.5000000000	7769.79000000000	863.530000000000
35464.4000000000	7829.51000000000	1970.34000000000
36088.6000000000	8480.02000000000	1568.15000000000
37603.7000000000	8009.21000000000	3034.54000000000
38982.4000000000	7007.50000000000	4492.08000000000
44658.6600000000	12904.3500000000	-753.159000000000
43042.9900000000	12212.4000000000	-20.4680000000000
44366.9300000000	12689.8500000000	198.159000000000
33774.2000000000	5736.11800000000	2040.21000000000
33462.8000000000	3376.86000000000	2334.09000000000
34521.1000000000	3540.47000000000	3107.63000000000
33155	4479.20500000000	1938.43000000000
34621.6000000000	5669.30500000000	3030.88000000000
34929.7000000000	4622.83200000000	3584.32000000000
34539.7000000000	6816.57000000000	2056.64000000000
36312.9000000000	7628.65000000000	2808.53000000000
50604.1810000000	9379.25000000000	3028.78000000000
51391.2200000000	9332.95000000000	2023.92000000000
52183.3900000000	8346.95000000000	4492.92000000000
52771.4600000000	8538.72000000000	3891.45000000000
51335.5600000000	8767.35000000000	3907.92000000000
52189.5100000000	9678.27000000000	-105.616000000000
52949.2700000000	9749.59000000000	-992.097000000000
54491.9100000000	9844.64000000000	-1022.79500000000
55252.7500000000	10084.1800000000	19.9850000000000
52949.8100000000	9559.15000000000	538.804000000000
46186.2900000000	1414.56000000000	-42.1000000000000
64921.8000000000	2313.62000000000	-117.362000000000
64778.3000000000	1342.83000000000	796.890000000000
64274.1000000000	1145.79000000000	1883.90000000000
64658.8000000000	3537.16000000000	46.5610000000000
65032.2000000000	1342.83000000000	15.5730000000000
63844.7000000000	2428.63000000000	2119.31000000000
34149.2000000000	7389.52000000000	15.5730000000000
33520.2000000000	6580.79000000000	15.5730000000000
33373.2000000000	2935.87000000000	2047.87000000000
34518.9000000000	1684.97000000000	950.940000000000
35322.2000000000	1819.38000000000	1604.95000000000
35322.2000000000	2781.05000000000	2743.48000000000
36093.9000000000	2211.97000000000	2270.50000000000
36855	1698.43000000000	1717.36000000000
35156.8000000000	1179.10000000000	83.6189999999999
36864.8000000000	891.190000000000	-4.18200000000002
37620.4000000000	1228.14000000000	1095.73000000000
36100	3309.64000000000	3265.76000000000
37545.4000000000	2160.51000000000	2204.02000000000
37449.4000000000	3121.20000000000	3215.39000000000
37043.5000000000	3694.69000000000	3676.71000000000
60614	-2621.26000000000	-2652.50000000000
61910	-1656.02000000000	-3789.34000000000
62146.8000000000	-2581.11000000000	-2615.19000000000
61388.8000000000	-2944.88000000000	-1910.92000000000
59785.1800000000	-2187.43000000000	-3197.85000000000
62915.6000000000	-1956.19000000000	-3061.38000000000
53112.0800000000	-340.580000000000	-747.989000000000
53797.5400000000	-616.630000000000	32.2590000000000
48548.7200000000	11303.2100000000	2178.51000000000
57541.6800000000	2452.89000000000	-6086.63000000000
56811.5700000000	-587.360000000001	-3908.32000000000
55245.1000000000	3534.56000000000	-6358.22000000000
56736.5500000000	3531.61000000000	-6032.37000000000
59266.7800000000	-1493.43000000000	-3882.69000000000
58425.8200000000	-1746.44000000000	-3053.46000000000
57375.4400000000	-1303.06000000000	-3230.45000000000
37434.1000000000	1806.21000000000	-2850.57000000000
38330.6000000000	1598.50000000000	-1986.34000000000
37617.2000000000	955.270000000000	-969.871000000000
38477.9000000000	3324.95000000000	-4320.73000000000
38455.5000000000	2186.40000000000	-3200.92000000000
39154.3000000000	2751.45000000000	-3755.98000000000
32996.5000000000	4644.28000000000	-1994.93000000000
32699.4000000000	3529.50000000000	-1788.84000000000
39861.9000000000	7960.07000000000	-4198.32000000000
36264.3000000000	6574.08000000000	-3597.18000000000
37306.1000000000	8066.29000000000	-3175.84000000000
36855	7308.58000000000	-3496.71000000000
41381.6500000000	6888.31000000000	-5170.42000000000
40687.1000000000	7476.69000000000	-4669.10000000000
39154.3000000000	8526.80000000000	-3612.78000000000
38386.8000000000	8999.58000000000	-3035.61000000000
47584.8700000000	12849.3100000000	-2549.38000000000
46889.1600000000	13207.6500000000	-1969.03000000000
46052.0200000000	13370	-1001.50800000000
48027.8800000000	12908.1600000000	-2016.72000000000
50670.9320000000	10166.5700000000	-4115.54000000000
50712.0140000000	10407.3300000000	-2016.92000000000
51333.3300000000	10045.7600000000	-3065.28000000000
49634.1610000000	11413.3100000000	-1000.57300000000
50285.8460000000	10662.5800000000	-1000.57300000000
48540.2100000000	12600.2600000000	-1000.51300000000
63112	6809.50000000000	-1770.15000000000
63440.2000000000	6604.93000000000	-194.605000000000
62718.3000000000	6666.62000000000	905.130000000000
61924.3000000000	7761.68000000000	886.090000000000
63223.6000000000	5953.79500000000	-2211.48000000000
63945.1000000000	5890.58100000000	-1078.73700000000
58275.3800000000	8941.14000000000	-998.310000000000
61159.5000000000	7596.94000000000	1785.89000000000
60614	8518.21000000000	1603.65000000000
57548.3200000000	9483.19000000000	-437.058000000000
58320.5200000000	8894.53000000000	2866.35000000000
61540.7000000000	5946.78000000000	2474.72000000000
61823.7000000000	6586.75000000000	1865.81000000000
60614.4000000000	4626.87800000000	4068.68000000000
59710.4300000000	4447.90600000000	4751.89000000000
59081.1600000000	5199.14000000000	4615.78000000000
45268.1300000000	6710.33000000000	-5761.74000000000
46813.4600000000	6851.25000000000	-5874.49000000000
47750.1100000000	7713.53000000000	-5686.28000000000
48351.2900000000	8414.38000000000	-5540.58000000000
40708.7000000000	10049.3600000000	-2989.23000000000
39698.8000000000	9273.46000000000	-3276.39000000000
42973.7400000000	5560.50300000000	-5692.59000000000
42034.1600000000	5972.31000000000	-5549.52000000000
44512.5500000000	5719.18900000000	-5830.79000000000
56811.5700000000	6888.49000000000	-5166.74000000000
56803.8700000000	5635.35300000000	-5827.86000000000
57580.8100000000	4651.30700000000	-5688.72000000000
51561.4700000000	406.740000000000	-1979.43000000000
50501.2760000000	1988.10000000000	1250.24000000000
46761.7400000000	1202.62000000000	-1079.42500000000
47585.9700000000	1344.83000000000	-2013.20000000000
46131.6700000000	2720.17000000000	2881.87000000000
62941.5000000000	2455.36000000000	-3119.08000000000
63434.8000000000	3401.55000000000	-2825.98000000000
62869.1000000000	4669.56400000000	-2934.95000000000
51416.9700000000	2956.93000000000	-5597.30000000000
52165	3524.38000000000	-6088.84000000000
39896.6000000000	10405.1400000000	-2052.41000000000
42064.3200000000	11648.3400000000	241.886000000000
33693.3000000000	5784.69100000000	-2080.96000000000
35487.8000000000	6706.73000000000	-2947.83000000000
34584.6000000000	6839.30000000000	-2065.81000000000
40847.4900000000	2811.70000000000	-3912.64000000000
43740.2400000000	4762.14500000000	-5645.01000000000
42219.9400000000	1830.81000000000	-2579.34000000000
46909.1500000000	4646.08500000000	-6040.34000000000
46147.4400000000	5717.31700000000	-6017.41000000000
47584.8700000000	3901.27000000000	-5735.78000000000
45864.6000000000	1956.98000000000	-3229.71000000000
45285.6100000000	1793.18000000000	-2614.31000000000
64912.4000000000	249.490000000000	-1250.67700000000
62816.1000000000	-2757.49000000000	-1891.76000000000
62280	-3134.39000000000	-1057.10300000000
62931.9000000000	-3044.44000000000	10.9050000000000
64591.3000000000	249.490000000000	-2016.72000000000
64990	237.370000000000	32.0730000000000
64277.6000000000	-1803.37000000000	882.050000000000
64645.2000000000	-843.840000000000	1031.72000000000
64759.7000000000	252.889999999999	1109.77000000000
63345.8000000000	-2554.26000000000	1031.72000000000
63947.4000000000	5451.25200000000	15.5730000000000
64391.4000000000	4607.76000000000	-1000.23100000000
48363.4000000000	4543.03600000000	-6155.87000000000
51418.6500000000	4643.66200000000	-6360.69000000000
49122.0230000000	5709.31800000000	-6285.73000000000
50654.7970000000	5707.84800000000	-6393.59000000000
46815.5000000000	1791.42000000000	-2917.53000000000
52183.7800000000	4540.38900000000	4811.01000000000
49898.8750000000	5726.82600000000	5102.39000000000
51371.1500000000	5728.79800000000	5130.58000000000
49115.7320000000	4721.74500000000	4761.59000000000
56781.9000000000	-1398.18000000000	-2531.92000000000
57549.1300000000	-1942.19000000000	-2022.74000000000
55549.3900000000	1497.58000000000	3957.86000000000
55249.0600000000	2931.17000000000	4636.25000000000
54444.1000000000	3645.94000000000	4709.05000000000
55833.5900000000	2211.84000000000	4529.80000000000
53709.6100000000	4574.40600000000	4797.28000000000
56722.0100000000	9885.96000000000	41.6850000000000
56822.2700000000	10031.3000000000	1985.81000000000
55860.9300000000	10212.3000000000	1086.48000000000
57548.3200000000	9571.96000000000	2583.01000000000
53734.4900000000	9710.55000000000	-2028.06000000000
54113.7700000000	9563.29000000000	-3032.87000000000
55613.6400000000	8422.93000000000	-4049.01000000000
54582.7900000000	9185.75000000000	-4092.23000000000
55757.8400000000	7749.40000000000	-4914.16000000000
64529.1000000000	1327.62000000000	-2040.43000000000
64224.2000000000	2436.16000000000	-2264.19000000000
55233.0900000000	8076.50000000000	4242.22000000000
56870.7300000000	9055.01000000000	3119.36000000000
56015.4800000000	8555.36000000000	3670.47000000000
56037.5800000000	5753.70800000000	5121.39000000000
56781.3700000000	4615.05500000000	5338.62000000000
58335.2300000000	4683.32500000000	5153.59000000000
55257.5000000000	6880.80000000000	4844.48000000000
56015.4800000000	9551.12000000000	2563.64000000000
54482.6400000000	8548.96000000000	3664.52000000000
53801.2800000000	8230.79000000000	4280.25000000000
52178.2800000000	9413.52000000000	991.180000000000
58476.0100000000	437.980000000000	4707.30000000000
57590.0400000000	1516.30000000000	4877.87000000000
56888.2500000000	2461.46000000000	4969.42000000000
36677.3000000000	8360.71000000000	2237.83000000000
41510.5300000000	11100.2600000000	982.090000000000
41452.2400000000	10122.5500000000	2040.30000000000
46039.1200000000	4712.33700000000	4756.81000000000
46820.9300000000	5609.22700000000	5196.32000000000
48348.9300000000	5663.09400000000	5137.76000000000
58292.1500000000	-2767.43000000000	14.0150000000000
59127.4500000000	-2913.65000000000	979.160000000000
59826.8400000000	-2662.75000000000	1960.06000000000
60614	-2473.59000000000	2546.40000000000
58125.3200000000	-2480.32000000000	-1254.22200000000
41579.1800000000	6824.17000000000	5008.29000000000
42192.5200000000	7810.35000000000	4762.35000000000
39897.6000000000	6706.21000000000	4779.72000000000
43727.8400000000	7824.35000000000	4976.63000000000
42901.7000000000	6782.23000000000	5168.77000000000
44519.1900000000	8564.70000000000	4695.29000000000
46723.6100000000	9197.37000000000	4349.98000000000
46052.0300000000	8605	4732.75000000000
45244.0800000000	7913.69000000000	5110.03000000000
52947.6100000000	4633.78200000000	-6418.79000000000
54478.5400000000	4613.02600000000	-6339.02000000000
49108.2730000000	7956.36000000000	-5716.55000000000
49884.1290000000	8554.12000000000	-5670.46000000000
50747.6270000000	9218.73000000000	-5396.21000000000
51416.9700000000	9669.86000000000	-4675.14000000000
33835.1000000000	6784.14000000000	-1059.36600000000
40684.8300000000	5685.30800000000	4875.85000000000
42986.3600000000	5008.01875000000	4738.31000000000
42217.4900000000	5678.08400000000	4900.36000000000
35322.2000000000	4072.90200000000	3575.12000000000
43727.7700000000	5703.86200000000	5108.87000000000
45292.6000000000	5644.81400000000	5170.20000000000
61822.4000000000	1342.83000000000	4666.17000000000
61270.9000000000	2255.26000000000	4782.92000000000
60513.8000000000	3380.19000000000	4824.73000000000
61388	-2730.22000000000	1974.28000000000
64309.6000000000	-687.450000000000	1914.71000000000
62144.4000000000	-3025.89000000000	997.550000000000
39227.6000000000	1303.89000000000	1055.89000000000
39907.4000000000	1094.72000000000	13.1980000000000
46049.9300000000	1593.59000000000	-2044.96000000000
39136.3000000000	1210.24000000000	-1106.84300000000
38387.8000000000	1715.69000000000	1701.33000000000
61331.8000000000	314.820000000000	4910.10000000000
36855	8476.19000000000	-2549.60000000000
39154.3000000000	9671.79000000000	-2644.64000000000
36265.4000000000	7670.92000000000	-2825.99000000000
58935.6200000000	1304.09000000000	5228.45000000000
60724.6000000000	1410.21000000000	5210.91000000000
48355.8600000000	7795.95000000000	5021.80000000000
47584.8700000000	8573.99000000000	4703.93000000000
49266.8980000000	10543.8300000000	2272.32000000000
49831.7450000000	7883.69000000000	4963.97000000000
50650.5480000000	8450.93000000000	4589.55000000000
50306.8610000000	9817.49000000000	1914.58000000000
45250.8200000000	13004.0500000000	-86.8540000000000
48365.1100000000	12123.1500000000	1040.48000000000
47405.3600000000	12893.8100000000	827.610000000000
46804.0100000000	13417.3300000000	56.2880000000000
51249.1100000000	9613.88000000000	812.220000000000
52962.5600000000	7850.74000000000	4880.50000000000
51499.5100000000	7765.65000000000	5006.86000000000
52252.4500000000	6905.62000000000	5197.71000000000
50675.8520000000	10120.9400000000	-0.640000000000043
51329.4300000000	9976.71000000000	-1054.47200000000
52037.4800000000	9863.33000000000	-2015.31000000000
64814.9000000000	2603.34000000000	-1132.23900000000
64667.3000000000	3529.50000000000	-1000.57300000000
64924.1000000000	1353.08000000000	-914.533000000000
38379.7000000000	898.380000000000	1.98899999999998
59833.3900000000	-2755.25000000000	-2074.30000000000
60541.7000000000	-3185.14000000000	-1092.24200000000
58901.3600000000	-2425.93000000000	-2232.58000000000
49183.8850000000	11241.1100000000	988.850000000000
56014.2100000000	4622.31000000000	-6080.58000000000
47645.8800000000	13430.7200000000	-999.697000000000
52202.7500000000	9711.56000000000	-3942.04000000000
52958.9000000000	9743.98000000000	-3050.17000000000
49712.5650000000	11063.8900000000	-123.838000000000
48862.8000000000	12106.6000000000	-190.468000000000
48031.2400000000	12912.9500000000	15.5730000000000
63817.4000000000	4541.55200000000	-2127.95000000000
59250.2600000000	3589.32000000000	5274.56000000000
47516.6100000000	5815.27900000000	-6195.58000000000
48342.0700000000	6697.35000000000	-6016.37000000000
55905.6300000000	6669.41000000000	-5805.46000000000
55187.6600000000	5697.26900000000	-6053.20000000000
64300.4000000000	3379.01000000000	-1895.08000000000
61380	-3238.50000000000	12.0330000000000
52179.2700000000	5709.79400000000	-6462.72000000000
49907.8717000000	6770.69000000000	-6058.33000000000
51420.0400000000	6787.25000000000	-6318.24000000000
52943.3000000000	5594.07700000000	5177.27000000000
50658.2190000000	6813.43000000000	5044.59000000000
49116.0900000000	6806.81000000000	5242.72000000000
56009.1100000000	3472.69000000000	5132.48000000000
55146.9200000000	4584.76400000000	5173.44000000000
54495.0500000000	5732.51100000000	5195.62000000000
53534.2800000000	9589.05000000000	-3825.11000000000
52949.8100000000	9454.04000000000	-4474.55000000000
55067.6000000000	8488.28000000000	-4833.70000000000
54482.6400000000	8347.74000000000	-5478.65000000000
53746.1600000000	9010.02000000000	-5132.25000000000
55058.7000000000	7661.76000000000	-5604.86000000000
54482.6400000000	7512.27000000000	4733.30000000000
57553.9300000000	3532.96000000000	5382.83000000000
53761.0400000000	6881.16000000000	5141.37000000000
58325.2000000000	2452.56000000000	5408.82000000000
46051.5200000000	6805.70000000000	5366.06000000000
47582.0400000000	6805.53000000000	5270.83000000000
59698.8700000000	-3196.21000000000	13.3690000000000
59190.7200000000	-2957.78000000000	-961.349000000000
60549.9000000000	-3061.75000000000	1069.54000000000
44522.4700000000	6806.94000000000	5318.78000000000
46749.0300000000	7891.03000000000	5086.90000000000
53709.5800000000	5707.22300000000	-6255.65000000000
50716.8770000000	7833.32000000000	-5904.92000000000
51416.9700000000	8609.61000000000	-5722.03000000000
52163.9400000000	9193.51000000000	-5129.18000000000
60023.3000000000	2519.92000000000	5279.99000000000
50053.8697000000	10292.2700000000	1046.15000000000
54359.7000000000	6753.36000000000	-6002.86000000000
52944	6793.27000000000	-6293.74000000000
52183.5900000000	7906.27000000000	-6085.43000000000
53640.9900000000	7734.26000000000	-5927.68000000000
52949.8100000000	8511.75000000000	-5631.08000000000