22866.9200000000	-1158.66000000000	-5305.58300000000
25408.0200000000	-2045.17000000000	-5225.30300000000
2336.80000000000	-961.880000000000	-2065.74300000000
3236.90000000000	351.820000000000	-3841.80300000000
846.999999999998	177.780000000000	-3041.51300000000
5651.80000000000	4337.08000000000	-4586.24300000000
12545.8900000000	9827.57000000000	-2812.96300000000
16418.6870000000	9073.61000000000	-3173.46300000000
29317.8000000000	5855.40000000000	-1033.45400000000
27718.3000000000	6826.73000000000	-0.942999999999984
26883.6600000000	4639.35000000000	3116.82700000000
11589.8600000000	7861.39000000000	-4052.15300000000
13098.9800000000	6658.23000000000	-4928.09300000000
9283.93000000000	6763.34000000000	-4054.41300000000
10895.8400000000	5640.41000000000	-4952.92300000000
26176.4900000000	3482.04500000000	-5083.01300000000
18751.8900000000	-1777.78000000000	-78.4150000000000
18987.5500000000	-1035.74000000000	2229.18700000000
16207.4640000000	-585.990000000000	72.5280000000001
14650.8600000000	-428.960000000000	1948.94700000000
28578.8000000000	1242.87000000000	-4212.59300000000
26279.9300000000	1473.42000000000	-5386.98300000000
27697.4000000000	-2989.98000000000	-4708.05300000000
19273.7100000000	-815.400000000000	-4044.05300000000
9183.22000000000	9117.60000000000	-2019.01300000000
1765.30000000000	2177.78800000000	-3667.58300000000
7011.70000000000	2390.75400000000	-5042.98300000000
9269.07000000000	1455.83000000000	-4945.70300000000
12368.3300000000	1275.43000000000	-5162.01300000000
31318.4000000000	-4062.89000000000	-967.614000000000
30540.9000000000	2386.68200000000	1282.92700000000
16959.4290000000	859.640000000000	-5459.01300000000
15434.5800000000	108.530000000000	-4066.22300000000
17728.1910000000	1260.54000000000	4183.10700000000
22347.5900000000	-3110.80000000000	-2067.67300000000
20793.8700000000	-2013.32000000000	-3053.53300000000
16935.1220000000	-925.270000000000	-3044.24300000000
20088.1600000000	360.600000000000	3888.53700000000
16201.5190000000	60.6799999999998	3152.15700000000
10820.6700000000	-34.6700000000001	2149.13700000000
26187.5300000000	7448.31000000000	902.657000000000
23074.9400000000	6637.96000000000	-1926.71300000000
24518.6400000000	5479.47000000000	-3028.39300000000
26865.1900000000	5884.59000000000	-2029.92300000000
30420.4000000000	-1986.66000000000	-3596.18300000000
24707.2000000000	4558.19000000000	4255.65700000000
21597.6600000000	7058.28000000000	2125.13700000000
21500.6300000000	-2098.02000000000	2181.98700000000
23653.2300000000	-2244.03000000000	3317.87700000000
10825.7500000000	301.220000000000	-3918.71300000000
28608.8000000000	4571.90000000000	-3197.95300000000
4871.20000000000	7364.01000000000	817.427000000000
6853.50000000000	8272.21000000000	225.177000000000
14763.2100000000	1323.25000000000	4063.92700000000
24653.2300000000	-4055.94000000000	2097.94700000000
23142.4100000000	-3999.58000000000	30.5550000000001
7762.40000000000	6336.55000000000	3695.81700000000
10061.6600000000	7215.33000000000	3496.40700000000
12311.6100000000	8009.60000000000	3346.48700000000
20540.8900000000	-103.300000000000	-5341.82300000000
13857.1800000000	8972.20000000000	-4103.41300000000
15493.4800000000	7724.05000000000	-4898.56300000000
4280.10000000000	2386.68200000000	-4592.16300000000
-325.300000000003	2620.57200000000	24.8100000000001
0	-4.54747350886464e-13	5.68434188608080e-14
8532.16000000000	1503.45000000000	3926.40700000000
6242.20000000000	2285.75300000000	4449.56700000000
3838.50000000000	3516.60800000000	4191.48700000000
11586.6600000000	1491.67000000000	3907.46700000000
29216.1000000000	1289.82000000000	3003.91700000000
29787.3000000000	-4110.85000000000	3007.82700000000
9297.19000000000	-581.350000000000	1104.59700000000
10828.1100000000	-760.840000000000	-996.844000000000
7762.40000000000	-332.340000000000	-2502.25300000000
6988.60000000000	369.130000000000	2868.48700000000
4653.20000000000	7450.57000000000	-1030.81600000000
2529.80000000000	6306.98000000000	-745.737000000000
26843.7900000000	-3190.94000000000	4189.49700000000
6195.10000000000	6963.22000000000	2173.48700000000
16002.2000000000	7660.92000000000	3657.55700000000
10844.8900000000	8856.90000000000	2111.06700000000
13145.3600000000	9795.24000000000	1936.61700000000
2750.40000000000	6256.57000000000	1040.95700000000
5685	5403.84000000000	3847.91700000000
10731.9100000000	10192.7500000000	-1029.97800000000
1039.60000000000	2281.95500000000	2915.69700000000
2540	4490.57000000000	3005.89700000000
19136.8900000000	6646.54000000000	3033.60700000000
20783.1500000000	7567.94000000000	49.5810000000000
12363.6600000000	-555.720000000000	948.917000000000
31582	172.130000000000	1062.76700000000
903.199999999999	4545.05000000000	1008.65700000000
1617.80000000000	161.650000000000	2064.68700000000
3141.10000000000	-919.460000000000	1057.62700000000
3930.30000000000	564.860000000000	2734.15700000000
28451.9000000000	-4613.12000000000	-3128.28300000000
14663.3100000000	8938.64000000000	3063.61700000000
21559.4500000000	-890.080000000000	-5052.68300000000
22324.3600000000	-1575.25000000000	-4673.56300000000
22324.3600000000	-477.490000000000	-5685.59300000000
23832.0900000000	-797.820000000000	-5715.04300000000
23918.9800000000	-1915.02000000000	-4986.71300000000
23083.1300000000	237.340000000000	-6099.73300000000
24623.6200000000	-1395.57000000000	-5522.70300000000
22918.4700000000	-2182.58000000000	-4249.83300000000
24623.6200000000	-2576.79000000000	-4588.24300000000
25402.6000000000	-790.000000000001	-5741.04300000000
26325.3500000000	-2926.99000000000	-4689.80300000000
26925.7300000000	-2126.39000000000	-5246.81300000000
26345.9600000000	-1139.32000000000	-5535.79300000000
25317.4300000000	-3189.54000000000	-4154.41300000000
954.699999999999	-619.160000000000	-1872.08300000000
1803.70000000000	-463.570000000000	-2853.10300000000
3164.90000000000	-500.030000000000	-2935.44300000000
2397.50000000000	-195.090000000000	-3390.84300000000
3966.90000000000	-935.980000000000	-2038.17300000000
3174.30000000000	-1283.68000000000	-977.954000000000
1547.30000000000	-949.800000000000	-993.064000000000
2375.10000000000	1264.70000000000	-4075.25300000000
3942.90000000000	1332.76000000000	-4405.56300000000
3930.30000000000	-194.770000000000	-3390.54300000000
1815.30000000000	428.410000000000	-3583.25300000000
4715.40000000000	406.990000000000	-3853.73300000000
437.199999999997	1293.35000000000	-2887.86300000000
1203.30000000000	1293.35000000000	-3590.80300000000
67.5999999999985	181.790000000000	-2013.42300000000
6229.60000000000	5007.73000000000	-4443.48300000000
4678.80000000000	4620.48000000000	-4129.09300000000
4838.60000000000	3253.66300000000	-4657.43300000000
6325.70000000000	3486.05900000000	-4969.45300000000
6974.30000000000	4494.54000000000	-4802.15300000000
5490.10000000000	5513.76000000000	-3798.12300000000
11647	9162.42000000000	-3221.01300000000
13127.3300000000	9455.07000000000	-3496.11300000000
13818.0800000000	10143.8900000000	-3131.52300000000
13127.3300000000	10482.5800000000	-2418.79300000000
11566.2300000000	10149.0200000000	-2052.64300000000
12569.3400000000	8685.39000000000	-3838.40300000000
12546.5300000000	10640.4000000000	-1795.42300000000
15399.2900000000	9973.39000000000	-3050.97300000000
16781.4650000000	8452.82000000000	-3816.71300000000
16907.8530000000	8847.51000000000	-2027.08300000000
16013.0300000000	9815.16000000000	-1960.02300000000
15451.6400000000	8946.43000000000	-4127.16300000000
16193.0100000000	8315.57000000000	-4469.35300000000
17340.6790000000	8397.23000000000	-3023.63300000000
28267.7000000000	6225.69000000000	-744.011000000000
29726.7000000000	5509.64000000000	-186.163000000000
27689.3000000000	6142.21000000000	-1433.28300000000
28466.8000000000	5768.52000000000	-2088.79300000000
29455.5000000000	4898.17000000000	-2295.75300000000
30309.9000000000	4907.11000000000	-1157.13200000000
28815.5000000000	6179.95000000000	24.8100000000001
26857.3500000000	6534.28000000000	-839.592000000000
28112.2000000000	6471.84000000000	900.287000000000
26331.6400000000	7190.91000000000	-143.397000000000
27080.7000000000	7080.09000000000	1128.44700000000
26137.4200000000	5680.73000000000	3015.41700000000
26697.5900000000	3361.56300000000	3989.22700000000
26007.1400000000	4388.06000000000	3719.20700000000
27270.7000000000	5886.35000000000	2240.73700000000
27854.1000000000	4799.32000000000	2485.67700000000
27730.8000000000	3543.97700000000	3200.28700000000
10212.2300000000	7685.59000000000	-3684.21300000000
11768.3600000000	6562.90000000000	-4642.19300000000
10781.8000000000	6890.26000000000	-4204.37300000000
12360.9100000000	7279.72000000000	-4522.78300000000
13156.4800000000	7959.69000000000	-4422.26300000000
10828.0800000000	8379.06000000000	-3512.22300000000
12325.1900000000	5675.35000000000	-5252.05300000000
13913.7300000000	5779.51000000000	-5451.04300000000
14585.6400000000	6840.54000000000	-5142.39300000000
13127.3300000000	5158.04000000000	-5599.33300000000
14046.5300000000	7680.13000000000	-4692.36300000000
8528.82000000000	7334.41000000000	-3557.46300000000
7802.57000000000	6618.03000000000	-3831.46300000000
9377.24000000000	5472.60000000000	-4825.83300000000
8341.32000000000	5860.89000000000	-4468.85300000000
10061.6600000000	6175.25000000000	-4512.43300000000
9250.40000000000	8004.91000000000	-3262.07300000000
10070.5900000000	4508.21000000000	-5421.25300000000
11594.4900000000	5009.21000000000	-5461.00300000000
11015.4100000000	4339.56000000000	-5606.40300000000
25243.4200000000	4221.69000000000	-4923.47300000000
26807.6100000000	2334.36000000000	-4859.95300000000
24798	3710.69400000000	-5501.51300000000
25519.2200000000	2598.89600000000	-5424.42300000000
27094.1000000000	3726.06000000000	-4495.46300000000
26140.3700000000	4706.28000000000	-4087.79300000000
19131.2700000000	-2165.02000000000	-909.283000000000
19855.6900000000	-2468.81000000000	248.315000000000
17783.6150000000	-751.370000000000	17.0430000000000
18024.2660000000	-1560.95000000000	-991.336000000000
19395.7400000000	-1848.36000000000	1027.45700000000
18495.5000000000	-888.070000000000	1043.13700000000
18082.1300000000	-385.060000000000	2057.10700000000
20054.7300000000	-1753.24000000000	1921.50700000000
20085.8400000000	-799.700000000000	2974.26700000000
18671.6800000000	-420.030000000000	2871.24700000000
19258.6900000000	-188.120000000000	3433.97700000000
14820.5200000000	-1028.57000000000	87.9990000000000
15500.8000000000	-1116.29000000000	-893.987000000000
16981.6046000000	-1034.26000000000	-859.091000000000
16959.4290000000	-312.110000000000	500.776000000000
16335.9560000000	-207.700000000000	1230.35700000000
15453.9800000000	-567.890000000000	1076.58700000000
13752.7800000000	-156.280000000000	2201.32700000000
15577.3900000000	-215.730000000000	2243.55700000000
13127.3300000000	-359.770000000000	1561.21700000000
13955.7900000000	-740.510000000000	982.347000000000
14731.0800000000	252.110000000000	3005.58700000000
27369.9000000000	1081.16000000000	-4918.75300000000
28337.8000000000	-5.23999999999978	-4708.75300000000
29081.3000000000	151.880000000000	-3892.03300000000
29082.7000000000	2143.46800000000	-3628.81300000000
27896	2339.15200000000	-4310.36300000000
29579.8000000000	1293.35000000000	-3497.89300000000
25424.5300000000	1336.43000000000	-5662.86300000000
26073.6100000000	226.580000000000	-5654.65300000000
27038.4100000000	179.250000000000	-5345.21300000000
28605.6000000000	-3254.38000000000	-4400.59300000000
26922.8800000000	-3460.20000000000	-4393.13300000000
28360.4000000000	-2000.99000000000	-4847.50300000000
27683.2000000000	-4005.72000000000	-3866.20300000000
18492.2700000000	-313.220000000000	-4516.77300000000
19275.0600000000	106.340000000000	-5147.78300000000
20581.5200000000	-1140.35000000000	-4291.79300000000
18427.4800000000	-1138.59000000000	-3192.30300000000
17699.9170000000	-512.650000000000	-3952.11300000000
20025.1100000000	-511.700000000000	-4701.24300000000
20025.1100000000	-1452.75000000000	-3543.55300000000
19406.5900000000	-1591.87000000000	-2852.81300000000
7876.90000000000	8627.79000000000	-1862.90300000000
8528.82000000000	8452.82000000000	-2564.62300000000
10103.2200000000	8810.44000000000	-2878.18300000000
10214.6500000000	9617.34000000000	-1817.47300000000
9427.92000000000	9604.19000000000	-762.179000000000
10828.0800000000	9490.47000000000	-2512.86300000000
8400.49000000000	9129.65000000000	-1056.45400000000
3052.50000000000	2437.64100000000	-4187.74300000000
868.099999999999	2393.70400000000	-3030.20300000000
2544.50000000000	3282.93900000000	-3661.69300000000
1635.70000000000	3435.30600000000	-2899.54300000000
8469.67000000000	2306.75600000000	-5271.03300000000
7708.74000000000	3566.20600000000	-5201.40300000000
7017.80000000000	1089.76000000000	-4223.94300000000
5455.00000000000	2344.95600000000	-4738.14300000000
6229.60000000000	1761.46000000000	-4620.85300000000
7903.73000000000	1432.56000000000	-4739.15300000000
9886.20000000000	2197.34400000000	-5464.52300000000
10061.6600000000	800.230000000000	-4498.07300000000
8528.82000000000	886.710000000000	-4417.70300000000
9295.24000000000	2931.66800000000	-5565.55300000000
10928.1000000000	1351.36000000000	-5012.22300000000
9277.48000000000	321.690000000000	-3897.06300000000
11594.4900000000	745.580000000000	-4548.86300000000
12343.6400000000	2480.33600000000	-5777.99300000000
13127.3300000000	1782.77000000000	-5617.19300000000
13127.3300000000	631.820000000000	-4654.60300000000
12379.2100000000	218.360000000000	-4045.00300000000
11594.4900000000	1933.40000000000	-5477.20300000000
13908.6500000000	1090.62000000000	-5243.65300000000
31545.8000000000	-3090.65000000000	-1998.70300000000
30795	-4383.88000000000	-2002.29300000000
31892.3000000000	-3222.62000000000	179.391000000000
31072.5000000000	-4487.33000000000	183.332000000000
30657.6000000000	-4915.03000000000	-793.568000000000
31877.5000000000	-2915.63000000000	-822.373000000000
30486.3000000000	3262.60700000000	855.397000000000
29633.7000000000	3311.38900000000	1763.41700000000
31248.9000000000	2386.68200000000	266.519000000000
31021.4000000000	1507.15000000000	1227.85700000000
30236.2000000000	1474.46000000000	2215.33700000000
29530.6000000000	2613.52500000000	2241.40700000000
16259.7880000000	511.410000000000	-4876.93300000000
16168.4780000000	1378.40000000000	-5728.16300000000
17710.8300000000	1461.90000000000	-5986.69300000000
17803.4240000000	240.990000000000	-5012.85300000000
15202.4000000000	1039.16000000000	-5298.69300000000
16898.3010000000	2308.61800000000	-6242.05300000000
16801.3800000000	-195.450000000000	-4197.77300000000
14660.1700000000	592.050000000000	-4691.55300000000
16193.0100000000	-399.430000000000	-3580.75300000000
15502.3200000000	-673.380000000000	-2850.40300000000
13896.6500000000	106.540000000000	-4076.31300000000
14660.1700000000	-249.680000000000	-3441.57300000000
16959.4290000000	580.620000000000	3735.65700000000
18663.3000000000	367.380000000000	3707.08700000000
17721.8030000000	2475.22000000000	4819.29700000000
16959.4290000000	1894.92000000000	4546.43700000000
16197.8920000000	1274.58000000000	4148.20700000000
17744.0070000000	-2.19000000000005	3182.21700000000
19281.3100000000	1075.74000000000	4229.02700000000
18492.2700000000	1858.50700000000	4580.27700000000
20955	-2607.96000000000	-1785.51300000000
21557.9400000000	-2571.80000000000	-2551.31300000000
23124.7800000000	-3013.18000000000	-3027.99300000000
23269.9400000000	-3662.15000000000	-1769.92300000000
22687.0800000000	-3655.90000000000	-991.336000000000
22135.3100000000	-2495.60000000000	-3245.98300000000
21536.2600000000	-3095.81000000000	-982.711000000000
21662.7900000000	-1875.31000000000	-3978.34300000000
19993.2000000000	-2172.09000000000	-2043.06300000000
17618.6930000000	-1366.49000000000	-1966.86300000000
16202.0410000000	-1216.38000000000	-1990.31300000000
20791.5200000000	-333.450000000000	3569.04700000000
21545.7500000000	190.200000000000	4109.73700000000
20640.4000000000	1133.78000000000	4438.06700000000
20025.1100000000	1812.37300000000	4623.15700000000
15426.5900000000	697.520000000000	3627.01700000000
16965.7960000000	-79.0300000000002	2050.59700000000
10061.6600000000	-416.030000000000	1613.50700000000
10831.5000000000	-621.230000000000	967.097000000000
11594.4900000000	-365.370000000000	1566.41700000000
11591.5400000000	637.440000000000	2981.64700000000
10071.1500000000	592.660000000000	2991.57700000000
9382.62000000000	-49.3099999999999	2233.89700000000
12365.1400000000	11.8099999999999	2143.86700000000
10828.0800000000	941.630000000000	3400.13700000000
24641.2200000000	7871.36000000000	1019.26700000000
26234.8800000000	6971.61000000000	2050.42700000000
25411.5600000000	7397	147.148000000000
25266.1200000000	7499.94000000000	1892.92700000000
21724.2800000000	7247.97000000000	-2240.44300000000
23239.7600000000	6106.06000000000	-3234.46300000000
23857.2000000000	6138.71000000000	-2446.18300000000
23892.5700000000	6934.95000000000	-1098.45900000000
22324.3600000000	7277.66000000000	-1472.43300000000
22271.9200000000	6700.50000000000	-3044.93300000000
24438.9600000000	6296.30000000000	-1821.32300000000
22923.5000000000	7417.16000000000	-807.728000000000
24675.0700000000	4826.97000000000	-4210.14300000000
25390.0400000000	5079.60000000000	-3494.13300000000
25365.4000000000	5809.78000000000	-2215.14300000000
23589.3000000000	5522.37000000000	-3870.36300000000
26154.9600000000	5335.58000000000	-2945.13300000000
27641.6000000000	5460.70000000000	-2871.73300000000
26922.8800000000	5088.45000000000	-3502.36300000000
26156.4600000000	6201.65000000000	-1488.53300000000
29444.4000000000	-1970.40000000000	-4312.32300000000
30768.7000000000	-3066.03000000000	-3070.10300000000
30763.3000000000	-898.110000000000	-3039.92300000000
29699.4000000000	-1120.37000000000	-3872.97300000000
29746	-2905.34000000000	-3921.65300000000
31120.2000000000	-1986.66000000000	-2854.61300000000
28867.7000000000	-893.320000000000	-4585.97300000000
27817.9000000000	-920.800000000000	-5160.70300000000
23831.4000000000	5659.31000000000	3985.66700000000
25390.0400000000	5169.95000000000	3627.72700000000
24560.1900000000	3307.14300000000	4924.65700000000
23688.5700000000	4372.45000000000	4695.24700000000
23090.7800000000	5077.57000000000	4558.01700000000
24812.4400000000	5898.31000000000	3538.86700000000
25616.2000000000	3774.34000000000	4334.68700000000
21537.7300000000	7509	1111.67700000000
22460.4200000000	7488.97000000000	1898.81700000000
20866.9600000000	6541.11000000000	3010.57700000000
20022.4900000000	6768.06000000000	2072.46700000000
20623.4400000000	7208.13000000000	1234.57700000000
22314.1400000000	6771	3076.44700000000
21616.4000000000	-2927.45000000000	1058.91700000000
22643.8900000000	-2922.51000000000	1893.87700000000
22438.8700000000	-1800.90000000000	2990.64700000000
20791.5200000000	-1475.55000000000	2598.22700000000
20633.4300000000	-2403.70000000000	1218.94700000000
21541.4100000000	-1033.12000000000	3324.97700000000
23090.7800000000	-2578.20000000000	2606.88700000000
23090.7800000000	-1516.25000000000	3652.19700000000
23678.1100000000	-3306.39000000000	2278.16700000000
24623.1200000000	-3153.76000000000	3148.64700000000
24618.6100000000	-2007.40000000000	4175.71700000000
23692	-1113.26000000000	4275.65700000000
11592.6400000000	-252.760000000000	-3135.74300000000
10067.6200000000	-249.600000000000	-3135.11300000000
10828.0800000000	-449.260000000000	-2610.92300000000
27539.7000000000	4503.10000000000	-3906.55300000000
28187.2000000000	3276.33600000000	-3912.09300000000
29262.1000000000	3495.75200000000	-3173.25300000000
3862.60000000000	6883.60000000000	1060.50700000000
5463.10000000000	7270.87000000000	1515.73700000000
4279.40000000000	7355.28000000000	24.8100000000001
5520.00000000000	7792.97000000000	-4.79899999999998
6278.70000000000	7773.79000000000	1048.54700000000
4724.40000000000	6714.15000000000	1976.76700000000
7122.31000000000	8508.69000000000	-751.755000000000
7873.62000000000	8763.40000000000	-27.4460000000000
6064.40000000000	8066.36000000000	-1071.76000000000
7550.25000000000	8100.76000000000	1309.50700000000
13893.7500000000	1936.65600000000	4507.64700000000
13893.7500000000	842.500000000000	3492.25700000000
15426.5900000000	1922.89400000000	4520.43700000000
13112.7300000000	1449.18000000000	3942.78700000000
14661.3300000000	2472.63400000000	4799.73700000000
23861.8500000000	-4184.59000000000	1057.45700000000
25992.5100000000	-4596	2232.55700000000
24980.0500000000	-4758.20000000000	1040.95700000000
25390.0400000000	-4721.92000000000	1550.81700000000
25585.0700000000	-3955.28000000000	2840.61700000000
22231.8500000000	-3525.21000000000	23.3000000000000
24520.8400000000	-4655.14000000000	35.7350000000000
22907.3300000000	-3578.81000000000	1261.33700000000
23890.7000000000	-4171.26000000000	-1033.43400000000
8509.37000000000	7024.05000000000	3212.80700000000
8307.26000000000	5937.11000000000	4336.37700000000
6998.70000000000	5661.55000000000	4084.89700000000
7076.74000000000	6637.28000000000	2905.54700000000
9260.52000000000	6630.55000000000	3943.88700000000
7762.40000000000	5191.84000000000	4664.21700000000
9461.19000000000	7653.65000000000	2894.35700000000
10061.6600000000	8316.99000000000	2488.00700000000
10806.2100000000	7872.53000000000	3092.80700000000
10061.6600000000	6187.48000000000	4573.41700000000
10720.4900000000	6845.73000000000	4169.30700000000
11594.4900000000	8492.06000000000	2650.70700000000
13159.2200000000	8667.81000000000	2944.35700000000
13278.1500000000	7717.70000000000	3763.35700000000
11594.4900000000	7467.02000000000	3730.33700000000
12333.0100000000	9090.95000000000	2308.19700000000
13893.7500000000	8291.55000000000	3480.50700000000
12377.1700000000	7015.05000000000	4310.11700000000
20025.1100000000	579.630000000000	-5719.24300000000
21532.7100000000	366.130000000000	-5985.23300000000
20749.9500000000	1242.81000000000	-6231.26300000000
14660.1700000000	9656.73000000000	-3683.53300000000
14660.1700000000	8373.34000000000	-4523.04300000000
16211.1170000000	6864.55000000000	-5421.27300000000
16900.8330000000	7631.90000000000	-4947.29300000000
3848.10000000000	3504.33900000000	-4174.99300000000
4696.70000000000	1808.43200000000	-4577.20300000000
52	3480.01800000000	24.8100000000001
-482.700000000001	1266.86000000000	36.2420000000000
220.599999999999	3422.79800000000	-1017.90900000000
-310.899999999998	2240.16900000000	-842.387000000000
196.700000000001	3384.27000000000	945.277000000000
-216.900000000001	2386.68200000000	790.397000000000
-502.799999999999	1293.35000000000	-991.336000000000
-187.099999999999	1194.52000000000	1218.83700000000
-262.200000000001	414.610000000000	-991.336000000000
422.400000000001	-430.790000000000	-991.336000000000
923.900000000000	-555.140000000000	69.3540000000000
541.799999999999	13.9500000000003	1250.78700000000
7762.03000000000	2280.61300000000	4485.97700000000
7762.40000000000	862.480000000000	3473.69700000000
9295.24000000000	890.340000000000	3447.80700000000
9300.37000000000	2283.85100000000	4486.43700000000
6992.60000000000	1477.88000000000	3954.27700000000
8538.96000000000	402.230000000000	2839.10700000000
10064.1000000000	1494.21000000000	3921.39700000000
8528.82000000000	2816.49050000000	4706.07700000000
5517.50000000000	1442.90000000000	3884.02700000000
6996	2835.45920000000	4688.44700000000
6215.50000000000	3460.20300000000	4705.31700000000
5345.50000000000	3483.39200000000	4558.54700000000
4717	2274.57400000000	4199.69700000000
6229.60000000000	848.240000000000	3486.93700000000
3353.60000000000	4335.93000000000	3617.13700000000
2535.10000000000	3262.83600000000	3705.05700000000
3278.80000000000	2425.18000000000	4013.35700000000
3930.30000000000	5008.23000000000	3477.41700000000
4689.40000000000	4589.77000000000	4115.44700000000
10830.1600000000	2278.39400000000	4513.78700000000
12360.9100000000	937.960000000000	3403.53700000000
12360.9100000000	2018.16200000000	4431.89700000000
11776.2700000000	2562.71700000000	4700.92700000000
28597.9000000000	2485.38300000000	3154.46700000000
30074.3000000000	176.030000000000	3210.35700000000
29226.3000000000	178.980000000000	4029.78700000000
28401.7000000000	1326.00000000000	3991.56700000000
28455.3000000000	-4336.09000000000	3119.14700000000
29222.1000000000	-4672.35000000000	2520.89700000000
29823.2000000000	-4803.77000000000	1846.10700000000
30733.2000000000	-4160.85000000000	2043.32700000000
30706.2000000000	-3036.62000000000	3038.86700000000
29696.7000000000	-2897.64000000000	3960.39700000000
29222.1000000000	-3745.84000000000	3692.07700000000
7716.24000000000	-777.410000000000	1004.90700000000
8518.34000000000	-885.610000000000	25.0670000000001
10061.9100000000	-826.530000000000	28.0490000000000
8528.82000000000	-448.320000000000	1643.51700000000
9294.87000000000	-770.490000000000	-999.015000000000
10058.9100000000	-563.260000000000	-2046.26300000000
11594.3000000000	-611.380000000000	-2044.09300000000
12432.4500000000	-848.980000000001	-992.835000000000
11595.3100000000	-775.030000000000	31.9400000000000
6995.70000000000	-521.710000000000	-1911.60300000000
8521.10000000000	-549.380000000000	-1915.60300000000
7641.55000000000	-827.570000000000	-952.895000000000
6229.60000000000	-335.750000000000	-2505.42300000000
6996.70000000000	28.9900000000002	-3107.65300000000
8460.93000000000	-108.080000000000	-3070.91300000000
6221.70000000000	-169.150000000000	2138.10700000000
7756.59000000000	-193.400000000000	2147.31700000000
5445.10000000000	416.230000000000	2829.76700000000
6996	-486.420000000000	1678.92700000000
30963.2000000000	-1986.66000000000	2819.79700000000
30634.9000000000	-795.950000000000	2958.70700000000
30391	-1986.66000000000	3606.87700000000
29792.8000000000	-1057.92000000000	3981.53700000000
31438.9000000000	-1986.66000000000	2057.10700000000
29432.9000000000	-1961.50000000000	4369.42700000000
3670.10000000000	6964.34000000000	-1070.89200000000
4384.60000000000	6912.81000000000	-2165.50300000000
5608.60000000000	7594.43000000000	-1946.70300000000
2099.90000000000	5941.98000000000	164.277000000000
3111.10000000000	6820.49000000000	14.5230000000000
1852.60000000000	5527.20000000000	-818.164000000000
2482.40000000000	5616.05000000000	-1954.86300000000
3298.40000000000	6379.55000000000	-1832.25300000000
25546.0800000000	-2886.03000000000	3917.47700000000
27689.3000000000	-3803.85000000000	3745.99700000000
27689.3000000000	-2643.22000000000	4699.60700000000
26923.4400000000	-1898.91000000000	4978.93700000000
26156.4600000000	-2476.95000000000	4545.07700000000
26156.4600000000	-3609.40000000000	3565.27700000000
26899.4600000000	-4221.10000000000	3084.12700000000
28446	-3289.09000000000	4266.16700000000
7186.16000000000	7408.40000000000	1895.70700000000
5463.10000000000	6334.26000000000	2677.54700000000
7762.40000000000	7154.52000000000	2423.74700000000
6048.20000000000	6122.15000000000	3256.09700000000
15513.4500000000	6958.92000000000	4374.71700000000
15591.4600000000	8277.40000000000	3248.76700000000
17022.5904000000	6887.40000000000	4119.07700000000
14662.8200000000	7658.45000000000	3939.65700000000
16677.6470000000	7707.37000000000	2906.58700000000
16193.0100000000	6330.81000000000	4706.62700000000
9893.11000000000	9388.82000000000	1228.40700000000
9495.13000000000	8712.66000000000	1825.28700000000
10878.2700000000	9831.88000000000	902.187000000000
11594.4900000000	9575.74000000000	1625.59700000000
12298.8100000000	10192.9600000000	1108.65700000000
13893.7500000000	10466.4600000000	1437.27700000000
13893.7500000000	9468.31000000000	2541.89700000000
13302.9200000000	10686.3300000000	858.287000000000
14655.9000000000	9877.32000000000	1980.87700000000
1848.80000000000	5533.64000000000	872.767000000000
2539.70000000000	5593.36000000000	1979.57700000000
3163.90000000000	6243.87000000000	1577.38700000000
4679	5773.06000000000	3043.77700000000
6057.70000000000	4771.35000000000	4501.31700000000
11733.9600000000	10668.2000000000	-743.922000000000
10118.2900000000	9976.25000000000	-11.2309999999999
11442.2300000000	10453.7000000000	207.396000000000
849.500000000000	3499.96800000000	2049.44700000000
538.100000000002	1140.71000000000	2343.32700000000
1596.40000000000	1304.32000000000	3116.86700000000
230.299999999999	2243.05500000000	1947.66700000000
1696.90000000000	3433.15500000000	3040.11700000000
2005	2386.68200000000	3593.55700000000
1615	4580.42000000000	2065.87700000000
3388.20000000000	5392.50000000000	2817.76700000000
17679.4810000000	7143.10000000000	3038.01700000000
18466.5200000000	7096.80000000000	2033.15700000000
19258.6900000000	6110.80000000000	4502.15700000000
19846.7600000000	6302.57000000000	3900.68700000000
18410.8600000000	6531.20000000000	3917.15700000000
19264.8100000000	7442.12000000000	-96.3790000000000
20024.5700000000	7513.44000000000	-982.860000000000
21567.2100000000	7608.49000000000	-1013.55800000000
22328.0500000000	7848.03000000000	29.2220000000000
20025.1100000000	7323	548.041000000000
13261.5900000000	-821.590000000000	-32.8630000000000
31997.1000000000	77.4699999999998	-108.125000000000
31853.6000000000	-893.320000000000	806.127000000000
31349.4000000000	-1090.36000000000	1893.13700000000
31734.1000000000	1301.01000000000	55.7980000000000
32107.5000000000	-893.320000000000	24.8100000000001
30920	192.480000000000	2128.54700000000
1224.50000000000	5153.37000000000	24.8100000000001
595.500000000000	4344.64000000000	24.8100000000001
448.500000000000	699.720000000000	2057.10700000000
1594.20000000000	-551.180000000000	960.177000000000
2397.50000000000	-416.770000000000	1614.18700000000
2397.50000000000	544.900000000000	2752.71700000000
3169.20000000000	-24.1800000000003	2279.73700000000
3930.30000000000	-537.720000000000	1726.59700000000
2232.10000000000	-1057.05000000000	92.8559999999999
3940.10000000000	-1344.96000000000	5.05500000000001
4695.70000000000	-1008.01000000000	1104.96700000000
3175.30000000000	1073.49000000000	3274.99700000000
4620.70000000000	-75.6400000000003	2213.25700000000
4524.70000000000	885.050000000000	3224.62700000000
4118.80000000000	1458.54000000000	3685.94700000000
27689.3000000000	-4857.41000000000	-2643.26300000000
28985.3000000000	-3892.17000000000	-3780.10300000000
29222.1000000000	-4817.26000000000	-2605.95300000000
28464.1000000000	-5181.03000000000	-1901.68300000000
26860.4800000000	-4423.58000000000	-3188.61300000000
29990.9000000000	-4192.34000000000	-3052.14300000000
20187.3800000000	-2576.73000000000	-738.752000000000
20872.8400000000	-2852.78000000000	41.4960000000000
15624.0200000000	9067.06000000000	2187.74700000000
24616.9800000000	216.740000000000	-6077.39300000000
23886.8700000000	-2823.51000000000	-3899.08300000000
22320.4000000000	1298.41000000000	-6348.98300000000
23811.8500000000	1295.46000000000	-6023.13300000000
26342.0800000000	-3729.58000000000	-3873.45300000000
25501.1200000000	-3982.59000000000	-3044.22300000000
24450.7400000000	-3539.21000000000	-3221.21300000000
4509.40000000000	-429.940000000000	-2841.33300000000
5405.90000000000	-637.650000000000	-1977.10300000000
4692.50000000000	-1280.88000000000	-960.634000000000
5553.20000000000	1088.80000000000	-4311.49300000000
5530.80000000000	-49.7500000000000	-3191.68300000000
6229.60000000000	515.300000000000	-3746.74300000000
71.7999999999993	2408.13000000000	-1985.69300000000
-225.299999999999	1293.35000000000	-1779.60300000000
6937.20000000000	5723.92000000000	-4189.08300000000
3339.60000000000	4337.93000000000	-3587.94300000000
4381.40000000000	5830.14000000000	-3166.60300000000
3930.30000000000	5072.43000000000	-3487.47300000000
8456.95000000000	4652.16000000000	-5161.18300000000
7762.40000000000	5240.54000000000	-4659.86300000000
6229.60000000000	6290.65000000000	-3603.54300000000
5462.10000000000	6763.43000000000	-3026.37300000000
14660.1700000000	10613.1600000000	-2540.14300000000
13964.4600000000	10971.5000000000	-1959.79300000000
13127.3200000000	11133.8500000000	-992.271000000000
15103.1800000000	10672.0100000000	-2007.48300000000
17746.2320000000	7930.42000000000	-4106.30300000000
17787.3140000000	8171.18000000000	-2007.68300000000
18408.6300000000	7809.61000000000	-3056.04300000000
16709.4610000000	9177.16000000000	-991.336000000000
17361.1460000000	8426.43000000000	-991.336000000000
15615.5100000000	10364.1100000000	-991.276000000000
30187.3000000000	4573.35000000000	-1760.91300000000
30515.5000000000	4368.78000000000	-185.368000000000
29793.6000000000	4430.47000000000	914.367000000000
28999.6000000000	5525.53000000000	895.327000000000
30298.9000000000	3717.64500000000	-2202.24300000000
31020.4000000000	3654.43100000000	-1069.50000000000
25350.6800000000	6704.99000000000	-989.073000000000
28234.8000000000	5360.79000000000	1795.12700000000
27689.3000000000	6282.06000000000	1612.88700000000
24623.6200000000	7247.04000000000	-427.821000000000
25395.8200000000	6658.38000000000	2875.58700000000
28616	3710.63000000000	2483.95700000000
28899	4350.60000000000	1875.04700000000
27689.7000000000	2390.72800000000	4077.91700000000
26785.7300000000	2211.75600000000	4761.12700000000
26156.4600000000	2962.99000000000	4625.01700000000
12343.4300000000	4474.18000000000	-5752.50300000000
13888.7600000000	4615.10000000000	-5865.25300000000
14825.4100000000	5477.38000000000	-5677.04300000000
15426.5900000000	6178.23000000000	-5531.34300000000
7784	7813.21000000000	-2979.99300000000
6774.10000000000	7037.31000000000	-3267.15300000000
10049.0400000000	3324.35300000000	-5683.35300000000
9109.46000000000	3736.16000000000	-5540.28300000000
11587.8500000000	3483.03900000000	-5821.55300000000
23886.8700000000	4652.34000000000	-5157.50300000000
23879.1700000000	3399.20300000000	-5818.62300000000
24656.1100000000	2415.15700000000	-5679.48300000000
18636.7700000000	-1829.41000000000	-1970.19300000000
17576.5760000000	-248.050000000000	1259.47700000000
13837.0400000000	-1033.53000000000	-1070.18800000000
14661.2700000000	-891.320000000000	-2003.96300000000
13206.9700000000	484.020000000000	2891.10700000000
30016.8000000000	219.210000000000	-3109.84300000000
30510.1000000000	1165.40000000000	-2816.74300000000
29944.4000000000	2433.41400000000	-2925.71300000000
18492.2700000000	720.780000000000	-5588.06300000000
19240.3000000000	1288.23000000000	-6079.60300000000
6971.90000000000	8168.99000000000	-2043.17300000000
9139.62000000000	9412.19000000000	251.123000000000
768.600000000000	3548.54100000000	-2071.72300000000
2563.10000000000	4470.58000000000	-2938.59300000000
1659.90000000000	4603.15000000000	-2056.57300000000
7922.79000000000	575.550000000000	-3903.40300000000
10815.5400000000	2525.99500000000	-5635.77300000000
9295.24000000000	-405.340000000000	-2570.10300000000
13984.4500000000	2409.93500000000	-6031.10300000000
13222.7400000000	3481.16700000000	-6008.17300000000
14660.1700000000	1665.12000000000	-5726.54300000000
12939.9000000000	-279.170000000000	-3220.47300000000
12360.9100000000	-442.970000000000	-2605.07300000000
31987.7000000000	-1986.66000000000	-1241.44000000000
29891.4000000000	-4993.64000000000	-1882.52300000000
29355.3000000000	-5370.54000000000	-1047.86600000000
30007.2000000000	-5280.59000000000	20.1420000000001
31666.6000000000	-1986.66000000000	-2007.48300000000
32065.3000000000	-1998.78000000000	41.3100000000000
31352.9000000000	-4039.52000000000	891.287000000000
31720.5000000000	-3079.99000000000	1040.95700000000
31835	-1983.26000000000	1119.00700000000
30421.1000000000	-4790.41000000000	1040.95700000000
31022.7000000000	3215.10200000000	24.8100000000001
31466.7000000000	2371.61000000000	-990.994000000000
15438.7000000000	2306.88600000000	-6146.63300000000
18493.9500000000	2407.51200000000	-6351.45300000000
16197.3230000000	3473.16800000000	-6276.49300000000
17730.0970000000	3471.69800000000	-6384.35300000000
13890.8000000000	-444.730000000000	-2908.29300000000
19259.0800000000	2304.23900000000	4820.24700000000
16974.1750000000	3490.67600000000	5111.62700000000
18446.4500000000	3492.64800000000	5139.81700000000
16191.0320000000	2485.59500000000	4770.82700000000
23857.2000000000	-3634.33000000000	-2522.68300000000
24624.4300000000	-4178.34000000000	-2013.50300000000
22624.6900000000	-738.570000000000	3967.09700000000
22324.3600000000	695.020000000000	4645.48700000000
21519.4000000000	1409.79000000000	4718.28700000000
22908.8900000000	-24.3099999999999	4539.03700000000
20784.9100000000	2338.25600000000	4806.51700000000
23797.3100000000	7649.81000000000	50.9220000000000
23897.5700000000	7795.15000000000	1995.04700000000
22936.2300000000	7976.15000000000	1095.71700000000
24623.6200000000	7335.81000000000	2592.24700000000
20809.7900000000	7474.40000000000	-2018.82300000000
21189.0700000000	7327.14000000000	-3023.63300000000
22688.9400000000	6186.78000000000	-4039.77300000000
21658.0900000000	6949.60000000000	-4082.99300000000
22833.1400000000	5513.25000000000	-4904.92300000000
31604.4000000000	-908.530000000000	-2031.19300000000
31299.5000000000	200.010000000000	-2254.95300000000
22308.3900000000	5840.35000000000	4251.45700000000
23946.0300000000	6818.86000000000	3128.59700000000
23090.7800000000	6319.21000000000	3679.70700000000
23112.8800000000	3517.55800000000	5130.62700000000
23856.6700000000	2378.90500000000	5347.85700000000
25410.5300000000	2447.17500000000	5162.82700000000
22332.8000000000	4644.65000000000	4853.71700000000
23090.7800000000	7314.97000000000	2572.87700000000
21557.9400000000	6312.81000000000	3673.75700000000
20876.5800000000	5994.64000000000	4289.48700000000
19253.5800000000	7177.37000000000	1000.41700000000
25551.3100000000	-1798.17000000000	4716.53700000000
24665.3400000000	-719.850000000000	4887.10700000000
23963.5500000000	225.310000000000	4978.65700000000
3752.60000000000	6124.56000000000	2247.06700000000
8585.83000000000	8864.11000000000	991.327000000000
8527.54000000000	7886.40000000000	2049.53700000000
13114.4200000000	2476.18700000000	4766.04700000000
13896.2300000000	3373.07700000000	5205.55700000000
15424.2300000000	3426.94400000000	5146.99700000000
25367.4500000000	-5003.58000000000	23.2520000000000
26202.7500000000	-5149.80000000000	988.397000000000
26902.1400000000	-4898.90000000000	1969.29700000000
27689.3000000000	-4709.74000000000	2555.63700000000
25200.6200000000	-4716.47000000000	-1244.98500000000
8654.48000000000	4588.02000000000	5017.52700000000
9267.82000000000	5574.20000000000	4771.58700000000
6972.90000000000	4470.06000000000	4788.95700000000
10803.1400000000	5588.20000000000	4985.86700000000
9977	4546.08000000000	5178.00700000000
11594.4900000000	6328.55000000000	4704.52700000000
13798.9100000000	6961.22000000000	4359.21700000000
13127.3300000000	6368.85000000000	4741.98700000000
12319.3800000000	5677.54000000000	5119.26700000000
20022.9100000000	2397.63200000000	-6409.55300000000
21553.8400000000	2376.87600000000	-6329.78300000000
16183.5730000000	5720.21000000000	-5707.31300000000
16959.4290000000	6317.97000000000	-5661.22300000000
17822.9270000000	6982.58000000000	-5386.97300000000
18492.2700000000	7433.71000000000	-4665.90300000000
910.400000000000	4547.99000000000	-1050.12900000000
7760.13000000000	3449.15800000000	4885.08700000000
10061.6600000000	2771.86875000000	4747.54700000000
9292.79000000000	3441.93400000000	4909.59700000000
2397.50000000000	1836.75200000000	3584.35700000000
10803.0700000000	3467.71200000000	5118.10700000000
12367.9000000000	3408.66400000000	5179.43700000000
28897.7000000000	-893.320000000000	4675.40700000000
28346.2000000000	19.1099999999997	4792.15700000000
27589.1000000000	1144.04000000000	4833.96700000000
28463.3000000000	-4966.37000000000	1983.51700000000
31384.9000000000	-2923.60000000000	1923.94700000000
29219.7000000000	-5262.04000000000	1006.78700000000
6302.90000000000	-932.260000000000	1065.12700000000
6982.70000000000	-1141.43000000000	22.4350000000000
13125.2300000000	-642.560000000000	-2035.72300000000
6211.60000000000	-1025.91000000000	-1097.60600000000
5463.10000000000	-520.460000000000	1710.56700000000
28407.1000000000	-1921.33000000000	4919.33700000000
3930.30000000000	6240.04000000000	-2540.36300000000
6229.60000000000	7435.64000000000	-2635.40300000000
3340.70000000000	5434.77000000000	-2816.75300000000
26010.9200000000	-932.060000000000	5237.68700000000
27799.9000000000	-825.940000000000	5220.14700000000
15431.1600000000	5559.80000000000	5031.03700000000
14660.1700000000	6337.84000000000	4713.16700000000
16342.1980000000	8307.68000000000	2281.55700000000
16907.0450000000	5647.54000000000	4973.20700000000
17725.8480000000	6214.78000000000	4598.78700000000
17382.1610000000	7581.34000000000	1923.81700000000
12326.1200000000	10767.9000000000	-77.6170000000000
15440.4100000000	9887	1049.71700000000
14480.6600000000	10657.6600000000	836.847000000000
13879.3100000000	11181.1800000000	65.5250000000000
18324.4100000000	7377.73000000000	821.457000000000
20037.8600000000	5614.59000000000	4889.73700000000
18574.8100000000	5529.50000000000	5016.09700000000
19327.7500000000	4669.47000000000	5206.94700000000
17751.1520000000	7884.79000000000	8.59699999999998
18404.7300000000	7740.56000000000	-1045.23500000000
19112.7800000000	7627.18000000000	-2006.07300000000
31890.2000000000	367.190000000000	-1123.00200000000
31742.6000000000	1293.35000000000	-991.336000000000
31999.4000000000	-883.070000000000	-905.296000000000
5455.00000000000	-1337.77000000000	11.2260000000000
26908.6900000000	-4991.40000000000	-2065.06300000000
27617	-5421.29000000000	-1083.00500000000
25976.6600000000	-4662.08000000000	-2223.34300000000
16259.1850000000	9004.96000000000	998.087000000000
23089.5100000000	2386.16000000000	-6071.34300000000
14721.1800000000	11194.5700000000	-990.460000000000
19278.0500000000	7475.41000000000	-3932.80300000000
20034.2000000000	7507.83000000000	-3040.93300000000
16787.8650000000	8827.74000000000	-114.601000000000
15938.1000000000	9870.45000000000	-181.231000000000
15106.5400000000	10676.8000000000	24.8100000000001
30892.7000000000	2305.40200000000	-2118.71300000000
26325.5600000000	1353.17000000000	5283.79700000000
14591.9100000000	3579.12900000000	-6186.34300000000
15417.3700000000	4461.20000000000	-6007.13300000000
22980.9300000000	4433.26000000000	-5796.22300000000
22262.9600000000	3461.11900000000	-6043.96300000000
31375.7000000000	1142.86000000000	-1885.84300000000
28455.3000000000	-5474.65000000000	21.2700000000000
19254.5700000000	3473.64400000000	-6453.48300000000
16983.1717000000	4534.54000000000	-6049.09300000000
18495.3400000000	4551.10000000000	-6309.00300000000
20018.6000000000	3357.92700000000	5186.50700000000
17733.5190000000	4577.28000000000	5053.82700000000
16191.3900000000	4570.66000000000	5251.95700000000
23084.4100000000	1236.54000000000	5141.71700000000
22222.2200000000	2348.61400000000	5182.67700000000
21570.3500000000	3496.36100000000	5204.85700000000
20609.5800000000	7352.90000000000	-3815.87300000000
20025.1100000000	7217.89000000000	-4465.31300000000
22142.9000000000	6252.13000000000	-4824.46300000000
21557.9400000000	6111.59000000000	-5469.41300000000
20821.4600000000	6773.87000000000	-5123.01300000000
22134	5425.61000000000	-5595.62300000000
21557.9400000000	5276.12000000000	4742.53700000000
24629.2300000000	1296.81000000000	5392.06700000000
20836.3400000000	4645.01000000000	5150.60700000000
25400.5000000000	216.410000000000	5418.05700000000
13126.8200000000	4569.55000000000	5375.29700000000
14657.3400000000	4569.38000000000	5280.06700000000
26774.1700000000	-5432.36000000000	22.6060000000000
26266.0200000000	-5193.93000000000	-952.112000000000
27625.2000000000	-5297.90000000000	1078.77700000000
11597.7700000000	4570.79000000000	5328.01700000000
13824.3300000000	5654.88000000000	5096.13700000000
20784.8800000000	3471.07300000000	-6246.41300000000
17792.1770000000	5597.17000000000	-5895.68300000000
18492.2700000000	6373.46000000000	-5712.79300000000
19239.2400000000	6957.36000000000	-5119.94300000000
27098.6000000000	283.770000000000	5289.22700000000
17129.1697000000	8056.12000000000	1055.38700000000
21435	4517.21000000000	-5993.62300000000
20019.3000000000	4557.12000000000	-6284.50300000000
19258.8900000000	5670.12000000000	-6076.19300000000
20716.2900000000	5498.11000000000	-5918.44300000000
20025.1100000000	6275.60000000000	-5621.84300000000