3791.62000000000	-2922.51000000000	3135.18000000000
6332.72000000000	-3809.02000000000	3215.46000000000
-16738.5000000000	-2725.73000000000	6375.02000000000
-15838.4000000000	-1412.03000000000	4598.96000000000
-18228.3000000000	-1586.07000000000	5399.25000000000
-13423.5000000000	2573.23000000000	3854.52000000000
-6529.41000000000	8063.72000000000	5627.80000000000
-2656.61300000000	7309.76000000000	5267.30000000000
10242.5000000000	4091.55000000000	7407.30900000000
8643	5062.88000000000	8439.82000000000
7808.36000000000	2875.50000000000	11557.5900000000
-7485.44000000000	6097.54000000000	4388.61000000000
-5976.32000000000	4894.38000000000	3512.67000000000
-9791.37000000000	4999.49000000000	4386.35000000000
-8179.46000000000	3876.56000000000	3487.84000000000
7101.19000000000	1718.19500000000	3357.75000000000
-323.410000000000	-3541.63000000000	8362.34800000000
-87.7500000000000	-2799.59000000000	10669.9500000000
-2867.83600000000	-2349.84000000000	8513.29100000000
-4424.44000000000	-2192.81000000000	10389.7100000000
9503.50000000000	-520.980000000000	4228.17000000000
7204.63000000000	-290.430000000000	3053.78000000000
8622.10000000000	-4753.83000000000	3732.71000000000
198.410000000000	-2579.25000000000	4396.71000000000
-9892.08000000000	7353.75000000000	6421.75000000000
-17310	413.938000000000	4773.18000000000
-12063.6000000000	626.904000000000	3397.78000000000
-9806.23000000000	-308.020000000000	3495.06000000000
-6706.97000000000	-488.420000000000	3278.75000000000
12243.1000000000	-5826.74000000000	7473.14900000000
11465.6000000000	622.832000000000	9723.69000000000
-2115.87100000000	-904.210000000000	2981.75000000000
-3640.72000000000	-1655.32000000000	4374.54000000000
-1347.10900000000	-503.310000000000	12623.8700000000
3272.29000000000	-4874.65000000000	6373.09000000000
1718.57000000000	-3777.17000000000	5387.23000000000
-2140.17800000000	-2689.12000000000	5396.52000000000
1012.86000000000	-1403.25000000000	12329.3000000000
-2873.78100000000	-1703.17000000000	11592.9200000000
-8254.63000000000	-1798.52000000000	10589.9000000000
7112.23000000000	5684.46000000000	9343.42000000000
3999.64000000000	4874.11000000000	6514.05000000000
5443.34000000000	3715.62000000000	5412.37000000000
7789.89000000000	4120.74000000000	6410.84000000000
11345.1000000000	-3750.51000000000	4844.58000000000
5631.90000000000	2794.34000000000	12696.4200000000
2522.36000000000	5294.43000000000	10565.9000000000
2425.33000000000	-3861.87000000000	10622.7500000000
4577.93000000000	-4007.88000000000	11758.6400000000
-8249.55000000000	-1462.63000000000	4522.05000000000
9533.50000000000	2808.05000000000	5242.81000000000
-14204.1000000000	5600.16000000000	9258.19000000000
-12221.8000000000	6508.36000000000	8665.94000000000
-4312.09000000000	-440.600000000000	12504.6900000000
5577.93000000000	-5819.79000000000	10538.7100000000
4067.11000000000	-5763.43000000000	8471.31800000000
-11312.9000000000	4572.70000000000	12136.5800000000
-9013.64000000000	5451.48000000000	11937.1700000000
-6763.69000000000	6245.75000000000	11787.2500000000
1465.59000000000	-1867.15000000000	3098.94000000000
-5218.12000000000	7208.35000000000	4337.35000000000
-3581.82000000000	5960.20000000000	3542.20000000000
-14795.2000000000	622.832000000000	3848.60000000000
-19400.6000000000	856.722000000000	8465.57300000000
-19075.3000000000	-1763.85000000000	8440.76300000000
-10543.1400000000	-260.400000000000	12367.1700000000
-12833.1000000000	521.903000000000	12890.3300000000
-15236.8000000000	1752.75800000000	12632.2500000000
-7488.64000000000	-272.180000000000	12348.2300000000
10140.8000000000	-474.030000000000	11444.6800000000
10712	-5874.70000000000	11448.5900000000
-9778.11000000000	-2345.20000000000	9545.36000000000
-8247.19000000000	-2524.69000000000	7443.91900000000
-11312.9000000000	-2096.19000000000	5938.51000000000
-12086.7000000000	-1394.72000000000	11309.2500000000
-14422.1000000000	5686.72000000000	7409.94700000000
-16545.5000000000	4543.13000000000	7695.02600000000
7768.49000000000	-4954.79000000000	12630.2600000000
-12880.2000000000	5199.37000000000	10614.2500000000
-3073.10000000000	5897.07000000000	12098.3200000000
-8230.41000000000	7093.05000000000	10551.8300000000
-5929.94000000000	8031.39000000000	10377.3800000000
-16324.9000000000	4492.72000000000	9481.72000000000
-13390.3000000000	3639.99000000000	12288.6800000000
-8343.39000000000	8428.90000000000	7410.78500000000
-18035.7000000000	518.105000000000	11356.4600000000
-16535.3000000000	2726.72000000000	11446.6600000000
61.5899999999997	4882.69000000000	11474.3700000000
1707.85000000000	5804.09000000000	8490.34400000000
-6711.64000000000	-2319.57000000000	9389.68000000000
12506.7000000000	-1591.72000000000	9503.53000000000
-18172.1000000000	2781.20000000000	9449.42000000000
-17457.5000000000	-1602.20000000000	10505.4500000000
-15934.2000000000	-2683.31000000000	9498.39000000000
-15145	-1198.99000000000	11174.9200000000
9376.60000000000	-6376.97000000000	5312.48000000000
-4411.99000000000	7174.79000000000	11504.3800000000
2484.15000000000	-2653.93000000000	3388.08000000000
3249.06000000000	-3339.10000000000	3767.20000000000
3249.06000000000	-2241.34000000000	2755.17000000000
4756.79000000000	-2561.67000000000	2725.72000000000
4843.68000000000	-3678.87000000000	3454.05000000000
4007.83000000000	-1526.51000000000	2341.03000000000
5548.32000000000	-3159.42000000000	2918.06000000000
3843.17000000000	-3946.43000000000	4190.93000000000
5548.32000000000	-4340.64000000000	3852.52000000000
6327.30000000000	-2553.85000000000	2699.72000000000
7250.05000000000	-4690.84000000000	3750.96000000000
7850.43000000000	-3890.24000000000	3193.95000000000
7270.66000000000	-2903.17000000000	2904.97000000000
6242.13000000000	-4953.39000000000	4286.35000000000
-18120.6000000000	-2383.01000000000	6568.68000000000
-17271.6000000000	-2227.42000000000	5587.66000000000
-15910.4000000000	-2263.88000000000	5505.32000000000
-16677.8000000000	-1958.94000000000	5049.92000000000
-15108.4000000000	-2699.83000000000	6402.59000000000
-15901	-3047.53000000000	7462.80900000000
-17528	-2713.65000000000	7447.69900000000
-16700.2000000000	-499.150000000000	4365.51000000000
-15132.4000000000	-431.090000000000	4035.20000000000
-15145	-1958.62000000000	5050.22000000000
-17260	-1335.44000000000	4857.51000000000
-14359.9000000000	-1356.86000000000	4587.03000000000
-18638.1000000000	-470.500000000000	5552.90000000000
-17872	-470.500000000000	4849.96000000000
-19007.7000000000	-1582.06000000000	6427.34000000000
-12845.7000000000	3243.88000000000	3997.28000000000
-14396.5000000000	2856.63000000000	4311.67000000000
-14236.7000000000	1489.81300000000	3783.33000000000
-12749.6000000000	1722.20900000000	3471.31000000000
-12101	2730.69000000000	3638.61000000000
-13585.2000000000	3749.91000000000	4642.64000000000
-7428.30000000000	7398.57000000000	5219.75000000000
-5947.97000000000	7691.22000000000	4944.65000000000
-5257.22000000000	8380.04000000000	5309.24000000000
-5947.97000000000	8718.73000000000	6021.97000000000
-7509.07000000000	8385.17000000000	6388.12000000000
-6505.96000000000	6921.54000000000	4602.36000000000
-6528.77000000000	8876.55000000000	6645.34000000000
-3676.01000000000	8209.54000000000	5389.79000000000
-2293.83500000000	6688.97000000000	4624.05000000000
-2167.44700000000	7083.66000000000	6413.68000000000
-3062.27000000000	8051.31000000000	6480.74000000000
-3623.66000000000	7182.58000000000	4313.60000000000
-2882.29000000000	6551.72000000000	3971.41000000000
-1734.62100000000	6633.38000000000	5417.13000000000
9192.40000000000	4461.84000000000	7696.75200000000
10651.4000000000	3745.79000000000	8254.60000000000
8614	4378.36000000000	7007.48000000000
9391.50000000000	4004.67000000000	6351.97000000000
10380.2000000000	3134.32000000000	6145.01000000000
11234.6000000000	3143.26000000000	7283.63100000000
9740.20000000000	4416.10000000000	8465.57300000000
7782.05000000000	4770.43000000000	7601.17100000000
9036.90000000000	4707.99000000000	9341.05000000000
7256.34000000000	5427.06000000000	8297.36600000000
8005.40000000000	5316.24000000000	9569.21000000000
7062.12000000000	3916.88000000000	11456.1800000000
7622.29000000000	1597.71300000000	12429.9900000000
6931.84000000000	2624.21000000000	12159.9700000000
8195.40000000000	4122.50000000000	10681.5000000000
8778.80000000000	3035.47000000000	10926.4400000000
8655.50000000000	1780.12700000000	11641.0500000000
-8863.07000000000	5921.74000000000	4756.55000000000
-7306.94000000000	4799.05000000000	3798.57000000000
-8293.50000000000	5126.41000000000	4236.39000000000
-6714.39000000000	5515.87000000000	3917.98000000000
-5918.82000000000	6195.84000000000	4018.50000000000
-8247.22000000000	6615.21000000000	4928.54000000000
-6750.11000000000	3911.50000000000	3188.71000000000
-5161.57000000000	4015.66000000000	2989.72000000000
-4489.66000000000	5076.69000000000	3298.37000000000
-5947.97000000000	3394.19000000000	2841.43000000000
-5028.77000000000	5916.28000000000	3748.40000000000
-10546.4800000000	5570.56000000000	4883.30000000000
-11272.7300000000	4854.18000000000	4609.30000000000
-9698.06000000000	3708.75000000000	3614.93000000000
-10733.9800000000	4097.04000000000	3971.91000000000
-9013.64000000000	4411.40000000000	3928.33000000000
-9824.90000000000	6241.06000000000	5178.69000000000
-9004.71000000000	2744.36000000000	3019.51000000000
-7480.81000000000	3245.36000000000	2979.76000000000
-8059.89000000000	2575.71000000000	2834.36000000000
6168.12000000000	2457.84000000000	3517.29000000000
7732.31000000000	570.510000000000	3580.81000000000
5722.70000000000	1946.84400000000	2939.25000000000
6443.92000000000	835.046000000000	3016.34000000000
8018.80000000000	1962.21000000000	3945.30000000000
7065.07000000000	2942.43000000000	4352.97000000000
55.9699999999998	-3928.87000000000	7531.48000000000
780.390000000000	-4232.66000000000	8689.07800000000
-1291.68500000000	-2515.22000000000	8457.80600000000
-1051.03400000000	-3324.80000000000	7449.42700000000
320.440000000000	-3612.21000000000	9468.22000000000
-579.800000000000	-2651.92000000000	9483.90000000000
-993.170000000000	-2148.91000000000	10497.8700000000
979.430000000000	-3517.09000000000	10362.2700000000
1010.54000000000	-2563.55000000000	11415.0300000000
-403.620000000000	-2183.88000000000	11312.0100000000
183.390000000000	-1951.97000000000	11874.7400000000
-4254.78000000000	-2792.42000000000	8528.76200000000
-3574.50000000000	-2880.14000000000	7546.77600000000
-2093.69540000000	-2798.11000000000	7581.67200000000
-2115.87100000000	-2075.96000000000	8941.53900000000
-2739.34400000000	-1971.55000000000	9671.12000000000
-3621.32000000000	-2331.74000000000	9517.35000000000
-5322.52000000000	-1920.13000000000	10642.0900000000
-3497.91000000000	-1979.58000000000	10684.3200000000
-5947.97000000000	-2123.62000000000	10001.9800000000
-5119.51000000000	-2504.36000000000	9423.11000000000
-4344.22000000000	-1511.74000000000	11446.3500000000
8294.60000000000	-682.690000000000	3522.01000000000
9262.50000000000	-1769.09000000000	3732.01000000000
10006	-1611.97000000000	4548.73000000000
10007.4000000000	379.618000000000	4811.95000000000
8820.70000000000	575.302000000000	4130.40000000000
10504.5000000000	-470.500000000000	4942.87000000000
6349.23000000000	-427.420000000000	2777.90000000000
6998.31000000000	-1537.27000000000	2786.11000000000
7963.11000000000	-1584.60000000000	3095.55000000000
9530.30000000000	-5018.23000000000	4040.17000000000
7847.58000000000	-5224.05000000000	4047.63000000000
9285.10000000000	-3764.84000000000	3593.26000000000
8607.90000000000	-5769.57000000000	4574.56000000000
-583.030000000000	-2077.07000000000	3923.99000000000
199.760000000000	-1657.51000000000	3292.98000000000
1506.22000000000	-2904.20000000000	4148.97000000000
-647.820000000000	-2902.44000000000	5248.46000000000
-1375.38300000000	-2276.50000000000	4488.65000000000
949.810000000000	-2275.55000000000	3739.52000000000
949.810000000000	-3216.60000000000	4897.21000000000
331.290000000000	-3355.72000000000	5587.95000000000
-11198.4000000000	6863.94000000000	6577.86000000000
-10546.4800000000	6688.97000000000	5876.14000000000
-8972.08000000000	7046.59000000000	5562.58000000000
-8860.65000000000	7853.49000000000	6623.29000000000
-9647.38000000000	7840.34000000000	7678.58400000000
-8247.22000000000	7726.62000000000	5927.90000000000
-10674.8100000000	7365.80000000000	7384.30900000000
-16022.8000000000	673.791000000000	4253.02000000000
-18207.2000000000	629.854000000000	5410.56000000000
-16530.8000000000	1519.08900000000	4779.07000000000
-17439.6000000000	1671.45600000000	5541.22000000000
-10605.6300000000	542.906000000000	3169.73000000000
-11366.5600000000	1802.35600000000	3239.36000000000
-12057.5000000000	-674.090000000000	4216.82000000000
-13620.3000000000	581.106000000000	3702.62000000000
-12845.7000000000	-2.38999999999987	3819.91000000000
-11171.5700000000	-331.290000000000	3701.61000000000
-9189.10000000000	433.494000000000	2976.24000000000
-9013.64000000000	-963.620000000000	3942.69000000000
-10546.4800000000	-877.140000000000	4023.06000000000
-9780.06000000000	1167.81800000000	2875.21000000000
-8147.20000000000	-412.490000000000	3428.54000000000
-9797.82000000000	-1442.16000000000	4543.70000000000
-7480.81000000000	-1018.27000000000	3891.90000000000
-6731.66000000000	716.486000000000	2662.77000000000
-5947.97000000000	18.9200000000001	2823.57000000000
-5947.97000000000	-1132.03000000000	3786.16000000000
-6696.09000000000	-1545.49000000000	4395.76000000000
-7480.81000000000	169.550000000000	2963.56000000000
-5166.65000000000	-673.230000000000	3197.11000000000
12470.5000000000	-4854.50000000000	6442.06000000000
11719.7000000000	-6147.73000000000	6438.47000000000
12817	-4986.47000000000	8620.15400000000
11997.2000000000	-6251.18000000000	8624.09500000000
11582.3000000000	-6678.88000000000	7647.19500000000
12802.2000000000	-4679.48000000000	7618.39000000000
11411	1498.75700000000	9296.16000000000
10558.4000000000	1547.53900000000	10204.1800000000
12173.6000000000	622.832000000000	8707.28200000000
11946.1000000000	-256.700000000000	9668.62000000000
11160.9000000000	-289.390000000000	10656.1000000000
10455.3000000000	849.675000000000	10682.1700000000
-2815.51200000000	-1252.44000000000	3563.83000000000
-2906.82200000000	-385.450000000000	2712.60000000000
-1364.47000000000	-301.950000000000	2454.07000000000
-1271.87600000000	-1522.86000000000	3427.91000000000
-3872.90000000000	-724.690000000000	3142.07000000000
-2176.99900000000	544.768000000000	2198.71000000000
-2273.92000000000	-1959.30000000000	4242.99000000000
-4415.13000000000	-1171.80000000000	3749.21000000000
-2882.29000000000	-2163.28000000000	4860.01000000000
-3572.98000000000	-2437.23000000000	5590.36000000000
-5178.65000000000	-1657.31000000000	4364.45000000000
-4415.13000000000	-2013.53000000000	4999.19000000000
-2115.87100000000	-1183.23000000000	12176.4200000000
-412	-1396.47000000000	12147.8500000000
-1353.49700000000	711.370000000000	13260.0600000000
-2115.87100000000	131.070000000000	12987.2000000000
-2877.40800000000	-489.270000000000	12588.9700000000
-1331.29300000000	-1766.04000000000	11622.9800000000
206.010000000000	-688.110000000000	12669.7900000000
-583.030000000000	94.6570000000000	13021.0400000000
1879.70000000000	-4371.81000000000	6655.25000000000
2482.64000000000	-4335.65000000000	5889.45000000000
4049.48000000000	-4777.03000000000	5412.77000000000
4194.64000000000	-5426	6670.84000000000
3611.78000000000	-5419.75000000000	7449.42700000000
3060.01000000000	-4259.45000000000	5194.78000000000
2460.96000000000	-4859.66000000000	7458.05200000000
2587.49000000000	-3639.16000000000	4462.42000000000
917.900000000000	-3935.94000000000	6397.70000000000
-1456.60700000000	-3130.34000000000	6473.90000000000
-2873.25900000000	-2980.23000000000	6450.45000000000
1716.22000000000	-2097.30000000000	12009.8100000000
2470.45000000000	-1573.65000000000	12550.5000000000
1565.10000000000	-630.070000000000	12878.8300000000
949.810000000000	48.5230000000000	13063.9200000000
-3648.71000000000	-1066.33000000000	12067.7800000000
-2109.50400000000	-1842.88000000000	10491.3600000000
-9013.64000000000	-2179.88000000000	10054.2700000000
-8243.80000000000	-2385.08000000000	9407.86000000000
-7480.81000000000	-2129.22000000000	10007.1800000000
-7483.76000000000	-1126.41000000000	11422.4100000000
-9004.15000000000	-1171.19000000000	11432.3400000000
-9692.68000000000	-1813.16000000000	10674.6600000000
-6710.16000000000	-1752.04000000000	10584.6300000000
-8247.22000000000	-822.220000000000	11840.9000000000
5565.92000000000	6107.51000000000	9460.03000000000
7159.58000000000	5207.76000000000	10491.1900000000
6336.26000000000	5633.15000000000	8587.91100000000
6190.82000000000	5736.09000000000	10333.6900000000
2648.98000000000	5484.12000000000	6200.32000000000
4164.46000000000	4342.21000000000	5206.30000000000
4781.90000000000	4374.86000000000	5994.58000000000
4817.27000000000	5171.10000000000	7342.30400000000
3249.06000000000	5513.81000000000	6968.33000000000
3196.62000000000	4936.65000000000	5395.83000000000
5363.66000000000	4532.45000000000	6619.44000000000
3848.20000000000	5653.31000000000	7633.03500000000
5599.77000000000	3063.12000000000	4230.62000000000
6314.74000000000	3315.75000000000	4946.63000000000
6290.10000000000	4045.93000000000	6225.62000000000
4514	3758.52000000000	4570.40000000000
7079.66000000000	3571.73000000000	5495.63000000000
8566.30000000000	3696.85000000000	5569.03000000000
7847.58000000000	3324.60000000000	4938.40000000000
7081.16000000000	4437.80000000000	6952.23000000000
10369.1000000000	-3734.25000000000	4128.44000000000
11693.4000000000	-4829.88000000000	5370.66000000000
11688	-2661.96000000000	5400.84000000000
10624.1000000000	-2884.22000000000	4567.79000000000
10670.7000000000	-4669.19000000000	4519.11000000000
12044.9000000000	-3750.51000000000	5586.15000000000
9792.40000000000	-2657.17000000000	3854.79000000000
8742.60000000000	-2684.65000000000	3280.06000000000
4756.10000000000	3895.46000000000	12426.4300000000
6314.74000000000	3406.10000000000	12068.4900000000
5484.89000000000	1543.29300000000	13365.4200000000
4613.27000000000	2608.60000000000	13136.0100000000
4015.48000000000	3313.72000000000	12998.7800000000
5737.14000000000	4134.46000000000	11979.6300000000
6540.90000000000	2010.49000000000	12775.4500000000
2462.43000000000	5745.15000000000	9552.44000000000
3385.12000000000	5725.12000000000	10339.5800000000
1791.66000000000	4777.26000000000	11451.3400000000
947.190000000000	5004.21000000000	10513.2300000000
1548.14000000000	5444.28000000000	9675.34000000000
3238.84000000000	5007.15000000000	11517.2100000000
2541.10000000000	-4691.30000000000	9499.68000000000
3568.59000000000	-4686.36000000000	10334.6400000000
3363.57000000000	-3564.75000000000	11431.4100000000
1716.22000000000	-3239.40000000000	11038.9900000000
1558.13000000000	-4167.55000000000	9659.71000000000
2466.11000000000	-2796.97000000000	11765.7400000000
4015.48000000000	-4342.05000000000	11047.6500000000
4015.48000000000	-3280.10000000000	12092.9600000000
4602.81000000000	-5070.24000000000	10718.9300000000
5547.82000000000	-4917.61000000000	11589.4100000000
5543.31000000000	-3771.25000000000	12616.4800000000
4616.70000000000	-2877.11000000000	12716.4200000000
-7482.66000000000	-2016.61000000000	5305.02000000000
-9007.68000000000	-2013.45000000000	5305.65000000000
-8247.22000000000	-2213.11000000000	5829.84000000000
8464.40000000000	2739.25000000000	4534.21000000000
9111.90000000000	1512.48600000000	4528.67000000000
10186.8000000000	1731.90200000000	5267.51000000000
-15212.7000000000	5119.75000000000	9501.27000000000
-13612.2000000000	5507.02000000000	9956.50000000000
-14795.9000000000	5591.43000000000	8465.57300000000
-13555.3000000000	6029.12000000000	8435.96400000000
-12796.6000000000	6009.94000000000	9489.31000000000
-14350.9000000000	4950.30000000000	10417.5300000000
-11952.9900000000	6744.84000000000	7689.00800000000
-11201.6800000000	6999.55000000000	8413.31700000000
-13010.9000000000	6302.51000000000	7369.00300000000
-11525.0500000000	6336.91000000000	9750.27000000000
-5181.55000000000	172.806000000000	12948.4100000000
-5181.55000000000	-921.350000000000	11933.0200000000
-3648.71000000000	159.044000000000	12961.2000000000
-5962.57000000000	-314.670000000000	12383.5500000000
-4413.97000000000	708.784000000000	13240.5000000000
4786.55000000000	-5948.44000000000	9498.22000000000
6917.21000000000	-6359.85000000000	10673.3200000000
5904.75000000000	-6522.05000000000	9481.72000000000
6314.74000000000	-6485.77000000000	9991.58000000000
6509.77000000000	-5719.13000000000	11281.3800000000
3156.55000000000	-5289.06000000000	8464.06300000000
5445.54000000000	-6418.99000000000	8476.49800000000
3832.03000000000	-5342.66000000000	9702.10000000000
4815.40000000000	-5935.11000000000	7407.32900000000
-10565.9300000000	5260.20000000000	11653.5700000000
-10768.0400000000	4173.26000000000	12777.1400000000
-12076.6000000000	3897.70000000000	12525.6600000000
-11998.5600000000	4873.43000000000	11346.3100000000
-9814.78000000000	4866.70000000000	12384.6500000000
-11312.9000000000	3427.99000000000	13104.9800000000
-9614.11000000000	5889.80000000000	11335.1200000000
-9013.64000000000	6553.14000000000	10928.7700000000
-8269.09000000000	6108.68000000000	11533.5700000000
-9013.64000000000	4423.63000000000	13014.1800000000
-8354.81000000000	5081.88000000000	12610.0700000000
-7480.81000000000	6728.21000000000	11091.4700000000
-5916.08000000000	6903.96000000000	11385.1200000000
-5797.15000000000	5953.85000000000	12204.1200000000
-7480.81000000000	5703.17000000000	12171.1000000000
-6742.29000000000	7327.10000000000	10748.9600000000
-5181.55000000000	6527.70000000000	11921.2700000000
-6698.13000000000	5251.20000000000	12750.8800000000
949.810000000000	-1184.22000000000	2721.52000000000
2457.41000000000	-1397.72000000000	2455.53000000000
1674.65000000000	-521.040000000000	2209.50000000000
-4415.13000000000	7892.88000000000	4757.23000000000
-4415.13000000000	6609.49000000000	3917.72000000000
-2864.18300000000	5100.70000000000	3019.49000000000
-2174.46700000000	5868.05000000000	3493.47000000000
-15227.2000000000	1740.48900000000	4265.77000000000
-14378.6000000000	44.5820000000000	3863.56000000000
-19023.3000000000	1716.16800000000	8465.57300000000
-19558	-496.990000000000	8477.00500000000
-18854.7000000000	1658.94800000000	7422.85400000000
-19386.2000000000	476.319000000000	7598.37600000000
-18878.6000000000	1620.42000000000	9386.04000000000
-19292.2000000000	622.832000000000	9231.16000000000
-19578.1000000000	-470.500000000000	7449.42700000000
-19262.4000000000	-569.330000000000	9659.60000000000
-19337.5000000000	-1349.24000000000	7449.42700000000
-18652.9000000000	-2194.64000000000	7449.42700000000
-18151.4000000000	-2318.99000000000	8510.11700000000
-18533.5000000000	-1749.90000000000	9691.55000000000
-11313.2700000000	516.763000000000	12926.7400000000
-11312.9000000000	-901.370000000000	11914.4600000000
-9780.06000000000	-873.510000000000	11888.5700000000
-9774.93000000000	520.001000000000	12927.2000000000
-12082.7000000000	-285.970000000000	12395.0400000000
-10536.3400000000	-1361.62000000000	11279.8700000000
-9011.20000000000	-269.640000000000	12362.1600000000
-10546.4800000000	1052.64050000000	13146.8400000000
-13557.8000000000	-320.950000000000	12324.7900000000
-12079.3000000000	1071.60920000000	13129.2100000000
-12859.8000000000	1696.35300000000	13146.0800000000
-13729.8000000000	1719.54200000000	12999.3100000000
-14358.3000000000	510.724000000000	12640.4600000000
-12845.7000000000	-915.610000000000	11927.7000000000
-15721.7000000000	2572.08000000000	12057.9000000000
-16540.2000000000	1498.98600000000	12145.8200000000
-15796.5000000000	661.330000000000	12454.1200000000
-15145	3244.38000000000	11918.1800000000
-14385.9000000000	2825.92000000000	12556.2100000000
-8245.14000000000	514.544000000000	12954.5500000000
-6714.39000000000	-825.890000000000	11844.3000000000
-6714.39000000000	254.312000000000	12872.6600000000
-7299.03000000000	798.867000000000	13141.6900000000
9522.60000000000	721.533000000000	11595.2300000000
10999	-1587.82000000000	11651.1200000000
10151	-1584.87000000000	12470.5500000000
9326.40000000000	-437.850000000000	12432.3300000000
9380	-6099.94000000000	11559.9100000000
10146.8000000000	-6436.20000000000	10961.6600000000
10747.9000000000	-6567.62000000000	10286.8700000000
11657.9000000000	-5924.70000000000	10484.0900000000
11630.9000000000	-4800.47000000000	11479.6300000000
10621.4000000000	-4661.49000000000	12401.1600000000
10146.8000000000	-5509.69000000000	12132.8400000000
-11359.0600000000	-2541.26000000000	9445.67000000000
-10556.9600000000	-2649.46000000000	8465.83000000000
-9013.39000000000	-2590.38000000000	8468.81200000000
-10546.4800000000	-2212.17000000000	10084.2800000000
-9780.43000000000	-2534.34000000000	7441.74800000000
-9016.39000000000	-2327.11000000000	6394.50000000000
-7481	-2375.23000000000	6396.67000000000
-6642.85000000000	-2612.83000000000	7447.92800000000
-7479.99000000000	-2538.88000000000	8472.70300000000
-12079.6000000000	-2285.56000000000	6529.16000000000
-10554.2000000000	-2313.23000000000	6525.16000000000
-11433.7500000000	-2591.42000000000	7487.86800000000
-12845.7000000000	-2099.60000000000	5935.34000000000
-12078.6000000000	-1734.86000000000	5333.11000000000
-10614.3700000000	-1871.93000000000	5369.85000000000
-12853.6000000000	-1933	10578.8700000000
-11318.7100000000	-1957.25000000000	10588.0800000000
-13630.2000000000	-1347.62000000000	11270.5300000000
-12079.3000000000	-2250.27000000000	10119.6900000000
11887.9000000000	-3750.51000000000	11260.5600000000
11559.6000000000	-2559.80000000000	11399.4700000000
11315.7000000000	-3750.51000000000	12047.6400000000
10717.5000000000	-2821.77000000000	12422.3000000000
12363.6000000000	-3750.51000000000	10497.8700000000
10357.6000000000	-3725.35000000000	12810.1900000000
-15405.2000000000	5200.49000000000	7369.87100000000
-14690.7000000000	5148.96000000000	6275.26000000000
-13466.7000000000	5830.58000000000	6494.06000000000
-16975.4000000000	4178.13000000000	8605.04000000000
-15964.2000000000	5056.64000000000	8455.28600000000
-17222.7000000000	3763.35000000000	7622.59900000000
-16592.9000000000	3852.20000000000	6485.90000000000
-15776.9000000000	4615.70000000000	6608.51000000000
6470.78000000000	-4649.88000000000	12358.2400000000
8614	-5567.70000000000	12186.7600000000
8614	-4407.07000000000	13140.3700000000
7848.14000000000	-3662.76000000000	13419.7000000000
7081.16000000000	-4240.80000000000	12985.8400000000
7081.16000000000	-5373.25000000000	12006.0400000000
7824.16000000000	-5984.95000000000	11524.8900000000
9370.70000000000	-5052.94000000000	12706.9300000000
-11889.1400000000	5644.55000000000	10336.4700000000
-13612.2000000000	4570.41000000000	11118.3100000000
-11312.9000000000	5390.67000000000	10864.5100000000
-13027.1000000000	4358.30000000000	11696.8600000000
-3561.85000000000	5195.07000000000	12815.4800000000
-3483.84000000000	6513.55000000000	11689.5300000000
-2052.70960000000	5123.55000000000	12559.8400000000
-4412.48000000000	5894.60000000000	12380.4200000000
-2397.65300000000	5943.52000000000	11347.3500000000
-2882.29000000000	4566.96000000000	13147.3900000000
-9182.19000000000	7624.97000000000	9669.17000000000
-9580.17000000000	6948.81000000000	10266.0500000000
-8197.03000000000	8068.03000000000	9342.95000000000
-7480.81000000000	7811.89000000000	10066.3600000000
-6776.49000000000	8429.11000000000	9549.42000000000
-5181.55000000000	8702.61000000000	9878.04000000000
-5181.55000000000	7704.46000000000	10982.6600000000
-5772.38000000000	8922.48000000000	9299.05000000000
-4419.40000000000	8113.47000000000	10421.6400000000
-17226.5000000000	3769.79000000000	9313.53000000000
-16535.6000000000	3829.51000000000	10420.3400000000
-15911.4000000000	4480.02000000000	10018.1500000000
-14396.3000000000	4009.21000000000	11484.5400000000
-13017.6000000000	3007.50000000000	12942.0800000000
-7341.34000000000	8904.35000000000	7696.84100000000
-8957.01000000000	8212.40000000000	8429.53200000000
-7633.07000000000	8689.85000000000	8648.15900000000
-18225.8000000000	1736.11800000000	10490.2100000000
-18537.2000000000	-623.140000000000	10784.0900000000
-17478.9000000000	-459.530000000000	11557.6300000000
-18845	479.205000000000	10388.4300000000
-17378.4000000000	1669.30500000000	11480.8800000000
-17070.3000000000	622.832000000000	12034.3200000000
-17460.3000000000	2816.57000000000	10506.6400000000
-15687.1000000000	3628.65000000000	11258.5300000000
-1395.81900000000	5379.25000000000	11478.7800000000
-608.780000000000	5332.95000000000	10473.9200000000
183.390000000000	4346.95000000000	12942.9200000000
771.460000000000	4538.72000000000	12341.4500000000
-664.440000000000	4767.35000000000	12357.9200000000
189.510000000000	5678.27000000000	8344.38400000000
949.270000000000	5749.59000000000	7457.90300000000
2491.91000000000	5844.64000000000	7427.20500000000
3252.75000000000	6084.18000000000	8469.98500000000
949.810000000000	5559.15000000000	8988.80400000000
-5813.71000000000	-2585.44000000000	8407.90000000000
12921.8000000000	-1686.38000000000	8332.63800000000
12778.3000000000	-2657.17000000000	9246.89000000000
12274.1000000000	-2854.21000000000	10333.9000000000
12658.8000000000	-462.840000000000	8496.56100000000
13032.2000000000	-2657.17000000000	8465.57300000000
11844.7000000000	-1571.37000000000	10569.3100000000
-17850.8000000000	3389.52000000000	8465.57300000000
-18479.8000000000	2580.79000000000	8465.57300000000
-18626.8000000000	-1064.13000000000	10497.8700000000
-17481.1000000000	-2315.03000000000	9400.94000000000
-16677.8000000000	-2180.62000000000	10054.9500000000
-16677.8000000000	-1218.95000000000	11193.4800000000
-15906.1000000000	-1788.03000000000	10720.5000000000
-15145	-2301.57000000000	10167.3600000000
-16843.2000000000	-2820.90000000000	8533.61900000000
-15135.2000000000	-3108.81000000000	8445.81800000000
-14379.6000000000	-2771.86000000000	9545.73000000000
-15900	-690.360000000000	11715.7600000000
-14454.6000000000	-1839.49000000000	10654.0200000000
-14550.6000000000	-878.800000000000	11665.3900000000
-14956.5000000000	-305.310000000000	12126.7100000000
8614	-6621.26000000000	5797.50000000000
9910	-5656.02000000000	4660.66000000000
10146.8000000000	-6581.11000000000	5834.81000000000
9388.80000000000	-6944.88000000000	6539.08000000000
7785.18000000000	-6187.43000000000	5252.15000000000
10915.6000000000	-5956.19000000000	5388.62000000000
1112.08000000000	-4340.58000000000	7702.01100000000
1797.54000000000	-4616.63000000000	8482.25900000000
-3451.28000000000	7303.21000000000	10628.5100000000
5541.68000000000	-1547.11000000000	2363.37000000000
4811.57000000000	-4587.36000000000	4541.68000000000
3245.10000000000	-465.440000000000	2091.78000000000
4736.55000000000	-468.390000000000	2417.63000000000
7266.78000000000	-5493.43000000000	4567.31000000000
6425.82000000000	-5746.44000000000	5396.54000000000
5375.44000000000	-5303.06000000000	5219.55000000000
-14565.9000000000	-2193.79000000000	5599.43000000000
-13669.4000000000	-2401.50000000000	6463.66000000000
-14382.8000000000	-3044.73000000000	7480.12900000000
-13522.1000000000	-675.050000000000	4129.27000000000
-13544.5000000000	-1813.60000000000	5249.08000000000
-12845.7000000000	-1248.55000000000	4694.02000000000
-19003.5000000000	644.280000000000	6455.07000000000
-19300.6000000000	-470.500000000000	6661.16000000000
-12138.1000000000	3960.07000000000	4251.68000000000
-15735.7000000000	2574.08000000000	4852.82000000000
-14693.9000000000	4066.29000000000	5274.16000000000
-15145	3308.58000000000	4953.29000000000
-10618.3500000000	2888.31000000000	3279.58000000000
-11312.9000000000	3476.69000000000	3780.90000000000
-12845.7000000000	4526.80000000000	4837.22000000000
-13613.2000000000	4999.58000000000	5414.39000000000
-4415.13000000000	8849.31000000000	5900.62000000000
-5110.84000000000	9207.65000000000	6480.97000000000
-5947.98000000000	9370	7448.49200000000
-3972.12000000000	8908.16000000000	6433.28000000000
-1329.06800000000	6166.57000000000	4334.46000000000
-1287.98600000000	6407.33000000000	6433.08000000000
-666.670000000000	6045.76000000000	5384.72000000000
-2365.83900000000	7413.31000000000	7449.42700000000
-1714.15400000000	6662.58000000000	7449.42700000000
-3459.79000000000	8600.26000000000	7449.48700000000
11112	2809.50000000000	6679.85000000000
11440.2000000000	2604.93000000000	8255.39500000000
10718.3000000000	2666.62000000000	9355.13000000000
9924.30000000000	3761.68000000000	9336.09000000000
11223.6000000000	1953.79500000000	6238.52000000000
11945.1000000000	1890.58100000000	7371.26300000000
6275.38000000000	4941.14000000000	7451.69000000000
9159.50000000000	3596.94000000000	10235.8900000000
8614	4518.21000000000	10053.6500000000
5548.32000000000	5483.19000000000	8012.94200000000
6320.52000000000	4894.53000000000	11316.3500000000
9540.70000000000	1946.78000000000	10924.7200000000
9823.70000000000	2586.75000000000	10315.8100000000
8614.40000000000	626.878000000000	12518.6800000000
7710.43000000000	447.906000000000	13201.8900000000
7081.16000000000	1199.14000000000	13065.7800000000
-6731.87000000000	2710.33000000000	2688.26000000000
-5186.54000000000	2851.25000000000	2575.51000000000
-4249.89000000000	3713.53000000000	2763.72000000000
-3648.71000000000	4414.38000000000	2909.42000000000
-11291.3000000000	6049.36000000000	5460.77000000000
-12301.2000000000	5273.46000000000	5173.61000000000
-9026.26000000000	1560.50300000000	2757.41000000000
-9965.84000000000	1972.31000000000	2900.48000000000
-7487.45000000000	1719.18900000000	2619.21000000000
4811.57000000000	2888.49000000000	3283.26000000000
4803.87000000000	1635.35300000000	2622.14000000000
5580.81000000000	651.307000000000	2761.28000000000
-438.530000000000	-3593.26000000000	6470.57000000000
-1498.72400000000	-2011.90000000000	9700.24000000000
-5238.26000000000	-2797.38000000000	7370.57500000000
-4414.03000000000	-2655.17000000000	6436.80000000000
-5868.33000000000	-1279.83000000000	11331.8700000000
10941.5000000000	-1544.64000000000	5330.92000000000
11434.8000000000	-598.450000000000	5624.02000000000
10869.1000000000	669.564000000000	5515.05000000000
-583.030000000000	-1043.07000000000	2852.70000000000
165	-475.620000000000	2361.16000000000
-12103.4000000000	6405.14000000000	6397.59000000000
-9935.68000000000	7648.34000000000	8691.88600000000
-18306.7000000000	1784.69100000000	6369.04000000000
-16512.2000000000	2706.73000000000	5502.17000000000
-17415.4000000000	2839.30000000000	6384.19000000000
-11152.5100000000	-1188.30000000000	4537.36000000000
-8259.76000000000	762.145000000000	2804.99000000000
-9780.06000000000	-2169.19000000000	5870.66000000000
-5090.85000000000	646.085000000000	2409.66000000000
-5852.56000000000	1717.31700000000	2432.59000000000
-4415.13000000000	-98.7300000000000	2714.22000000000
-6135.40000000000	-2043.02000000000	5220.29000000000
-6714.39000000000	-2206.82000000000	5835.69000000000
12912.4000000000	-3750.51000000000	7199.32300000000
10816.1000000000	-6757.49000000000	6558.24000000000
10280	-7134.39000000000	7392.89700000000
10931.9000000000	-7044.44000000000	8460.90500000000
12591.3000000000	-3750.51000000000	6433.28000000000
12990	-3762.63000000000	8482.07300000000
12277.6000000000	-5803.37000000000	9332.05000000000
12645.2000000000	-4843.84000000000	9481.72000000000
12759.7000000000	-3747.11000000000	9559.77000000000
11345.8000000000	-6554.26000000000	9481.72000000000
11947.4000000000	1451.25200000000	8465.57300000000
12391.4000000000	607.760000000000	7449.76900000000
-3636.60000000000	543.036000000000	2294.13000000000
-581.350000000000	643.662000000000	2089.31000000000
-2877.97700000000	1709.31800000000	2164.27000000000
-1345.20300000000	1707.84800000000	2056.41000000000
-5184.50000000000	-2208.58000000000	5532.47000000000
183.780000000000	540.389000000000	13261.0100000000
-2101.12500000000	1726.82600000000	13552.3900000000
-628.850000000000	1728.79800000000	13580.5800000000
-2884.26800000000	721.745000000000	13211.5900000000
4781.90000000000	-5398.18000000000	5918.08000000000
5549.13000000000	-5942.19000000000	6427.26000000000
3549.39000000000	-2502.42000000000	12407.8600000000
3249.06000000000	-1068.83000000000	13086.2500000000
2444.10000000000	-354.060000000000	13159.0500000000
3833.59000000000	-1788.16000000000	12979.8000000000
1709.61000000000	574.406000000000	13247.2800000000
4722.01000000000	5885.96000000000	8491.68500000000
4822.27000000000	6031.30000000000	10435.8100000000
3860.93000000000	6212.30000000000	9536.48000000000
5548.32000000000	5571.96000000000	11033.0100000000
1734.49000000000	5710.55000000000	6421.94000000000
2113.77000000000	5563.29000000000	5417.13000000000
3613.64000000000	4422.93000000000	4400.99000000000
2582.79000000000	5185.75000000000	4357.77000000000
3757.84000000000	3749.40000000000	3535.84000000000
12529.1000000000	-2672.38000000000	6409.57000000000
12224.2000000000	-1563.84000000000	6185.81000000000
3233.09000000000	4076.50000000000	12692.2200000000
4870.73000000000	5055.01000000000	11569.3600000000
4015.48000000000	4555.36000000000	12120.4700000000
4037.58000000000	1753.70800000000	13571.3900000000
4781.37000000000	615.055000000000	13788.6200000000
6335.23000000000	683.325000000000	13603.5900000000
3257.50000000000	2880.80000000000	13294.4800000000
4015.48000000000	5551.12000000000	11013.6400000000
2482.64000000000	4548.96000000000	12114.5200000000
1801.28000000000	4230.79000000000	12730.2500000000
178.280000000000	5413.52000000000	9441.18000000000
6476.01000000000	-3562.02000000000	13157.3000000000
5590.04000000000	-2483.70000000000	13327.8700000000
4888.25000000000	-1538.54000000000	13419.4200000000
-15322.7000000000	4360.71000000000	10687.8300000000
-10489.4700000000	7100.26000000000	9432.09000000000
-10547.7600000000	6122.55000000000	10490.3000000000
-5960.88000000000	712.337000000000	13206.8100000000
-5179.07000000000	1609.22700000000	13646.3200000000
-3651.07000000000	1663.09400000000	13587.7600000000
6292.15000000000	-6767.43000000000	8464.01500000000
7127.45000000000	-6913.65000000000	9429.16000000000
7826.84000000000	-6662.75000000000	10410.0600000000
8614	-6473.59000000000	10996.4000000000
6125.32000000000	-6480.32000000000	7195.77800000000
-10420.8200000000	2824.17000000000	13458.2900000000
-9807.48000000000	3810.35000000000	13212.3500000000
-12102.4000000000	2706.21000000000	13229.7200000000
-8272.16000000000	3824.35000000000	13426.6300000000
-9098.30000000000	2782.23000000000	13618.7700000000
-7480.81000000000	4564.70000000000	13145.2900000000
-5276.39000000000	5197.37000000000	12799.9800000000
-5947.97000000000	4605	13182.7500000000
-6755.92000000000	3913.69000000000	13560.0300000000
947.610000000000	633.782000000000	2031.21000000000
2478.54000000000	613.026000000000	2110.98000000000
-2891.72700000000	3956.36000000000	2733.45000000000
-2115.87100000000	4554.12000000000	2779.54000000000
-1252.37300000000	5218.73000000000	3053.79000000000
-583.030000000000	5669.86000000000	3774.86000000000
-18164.9000000000	2784.14000000000	7390.63400000000
-11315.1700000000	1685.30800000000	13325.8500000000
-9013.64000000000	1008.01875000000	13188.3100000000
-9782.51000000000	1678.08400000000	13350.3600000000
-16677.8000000000	72.9020000000000	12025.1200000000
-8272.23000000000	1703.86200000000	13558.8700000000
-6707.40000000000	1644.81400000000	13620.2000000000
9822.40000000000	-2657.17000000000	13116.1700000000
9270.90000000000	-1744.74000000000	13232.9200000000
8513.80000000000	-619.810000000000	13274.7300000000
9388	-6730.22000000000	10424.2800000000
12309.6000000000	-4687.45000000000	10364.7100000000
10144.4000000000	-7025.89000000000	9447.55000000000
-12772.4000000000	-2696.11000000000	9505.89000000000
-12092.6000000000	-2905.28000000000	8463.19800000000
-5950.07000000000	-2406.41000000000	6405.04000000000
-12863.7000000000	-2789.76000000000	7343.15700000000
-13612.2000000000	-2284.31000000000	10151.3300000000
9331.80000000000	-3685.18000000000	13360.1000000000
-15145	4476.19000000000	5900.40000000000
-12845.7000000000	5671.79000000000	5805.36000000000
-15734.6000000000	3670.92000000000	5624.01000000000
6935.62000000000	-2695.91000000000	13678.4500000000
8724.60000000000	-2589.79000000000	13660.9100000000
-3644.14000000000	3795.95000000000	13471.8000000000
-4415.13000000000	4573.99000000000	13153.9300000000
-2733.10200000000	6543.83000000000	10722.3200000000
-2168.25500000000	3883.69000000000	13413.9700000000
-1349.45200000000	4450.93000000000	13039.5500000000
-1693.13900000000	5817.49000000000	10364.5800000000
-6749.18000000000	9004.05000000000	8363.14600000000
-3634.89000000000	8123.15000000000	9490.48000000000
-4594.64000000000	8893.81000000000	9277.61000000000
-5195.99000000000	9417.33000000000	8506.28800000000
-750.890000000000	5613.88000000000	9262.22000000000
962.560000000000	3850.74000000000	13330.5000000000
-500.490000000000	3765.65000000000	13456.8600000000
252.450000000000	2905.62000000000	13647.7100000000
-1324.14800000000	6120.94000000000	8449.36000000000
-670.570000000000	5976.71000000000	7395.52800000000
37.4800000000000	5863.33000000000	6434.69000000000
12814.9000000000	-1396.66000000000	7317.76100000000
12667.3000000000	-470.500000000000	7449.42700000000
12924.1000000000	-2646.92000000000	7535.46700000000
-13620.3000000000	-3101.62000000000	8451.98900000000
7833.39000000000	-6755.25000000000	6375.70000000000
8541.70000000000	-7185.14000000000	7357.75800000000
6901.36000000000	-6425.93000000000	6217.42000000000
-2816.11500000000	7241.11000000000	9438.85000000000
4014.21000000000	622.310000000000	2369.42000000000
-4354.12000000000	9430.72000000000	7450.30300000000
202.750000000000	5711.56000000000	4507.96000000000
958.900000000000	5743.98000000000	5399.83000000000
-2287.43500000000	7063.89000000000	8326.16200000000
-3137.20000000000	8106.60000000000	8259.53200000000
-3968.76000000000	8912.95000000000	8465.57300000000
11817.4000000000	541.552000000000	6322.05000000000
7250.26000000000	-410.680000000000	13724.5600000000
-4483.39000000000	1815.27900000000	2254.42000000000
-3657.93000000000	2697.35000000000	2433.63000000000
3905.63000000000	2669.41000000000	2644.54000000000
3187.66000000000	1697.26900000000	2396.80000000000
12300.4000000000	-620.990000000000	6554.92000000000
9380	-7238.50000000000	8462.03300000000
179.270000000000	1709.79400000000	1987.28000000000
-2092.12830000000	2770.69000000000	2391.67000000000
-579.960000000000	2787.25000000000	2131.76000000000
943.300000000000	1594.07700000000	13627.2700000000
-1341.78100000000	2813.43000000000	13494.5900000000
-2883.91000000000	2806.81000000000	13692.7200000000
4009.11000000000	-527.310000000000	13582.4800000000
3146.92000000000	584.764000000000	13623.4400000000
2495.05000000000	1732.51100000000	13645.6200000000
1534.28000000000	5589.05000000000	4624.89000000000
949.810000000000	5454.04000000000	3975.45000000000
3067.60000000000	4488.28000000000	3616.30000000000
2482.64000000000	4347.74000000000	2971.35000000000
1746.16000000000	5010.02000000000	3317.75000000000
3058.70000000000	3661.76000000000	2845.14000000000
2482.64000000000	3512.27000000000	13183.3000000000
5553.93000000000	-467.040000000000	13832.8300000000
1761.04000000000	2881.16000000000	13591.3700000000
6325.20000000000	-1547.44000000000	13858.8200000000
-5948.48000000000	2805.70000000000	13816.0600000000
-4417.96000000000	2805.53000000000	13720.8300000000
7698.87000000000	-7196.21000000000	8463.36900000000
7190.72000000000	-6957.78000000000	7488.65100000000
8549.90000000000	-7061.75000000000	9519.54000000000
-7477.53000000000	2806.94000000000	13768.7800000000
-5250.97000000000	3891.03000000000	13536.9000000000
1709.58000000000	1707.22300000000	2194.35000000000
-1283.12300000000	3833.32000000000	2545.08000000000
-583.030000000000	4609.61000000000	2727.97000000000
163.940000000000	5193.51000000000	3320.82000000000
8023.30000000000	-1480.08000000000	13729.9900000000
-1946.13030000000	6292.27000000000	9496.15000000000
2359.70000000000	2753.36000000000	2447.14000000000
944	2793.27000000000	2156.26000000000
183.590000000000	3906.27000000000	2364.57000000000
1640.99000000000	3734.26000000000	2522.32000000000
949.810000000000	4511.75000000000	2818.92000000000