23291.6200000000	-1122.51000000000	-5314.82000000000
25832.7200000000	-2009.02000000000	-5234.54000000000
2761.50000000000	-925.730000000000	-2074.98000000000
3661.60000000000	387.970000000000	-3851.04000000000
1271.70000000000	213.930000000000	-3050.75000000000
6076.50000000000	4373.23000000000	-4595.48000000000
12970.5900000000	9863.72000000000	-2822.20000000000
16843.3870000000	9109.76000000000	-3182.70000000000
29742.5000000000	5891.55000000000	-1042.69100000000
28143	6862.88000000000	-10.1800000000000
27308.3600000000	4675.50000000000	3107.59000000000
12014.5600000000	7897.54000000000	-4061.39000000000
13523.6800000000	6694.38000000000	-4937.33000000000
9708.63000000000	6799.49000000000	-4063.65000000000
11320.5400000000	5676.56000000000	-4962.16000000000
26601.1900000000	3518.19500000000	-5092.25000000000
19176.5900000000	-1741.63000000000	-87.6520000000000
19412.2500000000	-999.590000000000	2219.95000000000
16632.1640000000	-549.840000000000	63.2910000000001
15075.5600000000	-392.810000000000	1939.71000000000
29003.5000000000	1279.02000000000	-4221.83000000000
26704.6300000000	1509.57000000000	-5396.22000000000
28122.1000000000	-2953.83000000000	-4717.29000000000
19698.4100000000	-779.250000000000	-4053.29000000000
9607.92000000000	9153.75000000000	-2028.25000000000
2190	2213.93800000000	-3676.82000000000
7436.40000000000	2426.90400000000	-5052.22000000000
9693.77000000000	1491.98000000000	-4954.94000000000
12793.0300000000	1311.58000000000	-5171.25000000000
31743.1000000000	-4026.74000000000	-976.851000000000
30965.6000000000	2422.83200000000	1273.69000000000
17384.1290000000	895.790000000000	-5468.25000000000
15859.2800000000	144.680000000000	-4075.46000000000
18152.8910000000	1296.69000000000	4173.87000000000
22772.2900000000	-3074.65000000000	-2076.91000000000
21218.5700000000	-1977.17000000000	-3062.77000000000
17359.8220000000	-889.120000000000	-3053.48000000000
20512.8600000000	396.750000000000	3879.30000000000
16626.2190000000	96.8299999999999	3142.92000000000
11245.3700000000	1.48000000000002	2139.90000000000
26612.2300000000	7484.46000000000	893.420000000000
23499.6400000000	6674.11000000000	-1935.95000000000
24943.3400000000	5515.62000000000	-3037.63000000000
27289.8900000000	5920.74000000000	-2039.16000000000
30845.1000000000	-1950.51000000000	-3605.42000000000
25131.9000000000	4594.34000000000	4246.42000000000
22022.3600000000	7094.43000000000	2115.90000000000
21925.3300000000	-2061.87000000000	2172.75000000000
24077.9300000000	-2207.88000000000	3308.64000000000
11250.4500000000	337.370000000000	-3927.95000000000
29033.5000000000	4608.05000000000	-3207.19000000000
5295.90000000000	7400.16000000000	808.190000000000
7278.20000000000	8308.36000000000	215.940000000000
15187.9100000000	1359.40000000000	4054.69000000000
25077.9300000000	-4019.79000000000	2088.71000000000
23567.1100000000	-3963.43000000000	21.3180000000000
8187.10000000000	6372.70000000000	3686.58000000000
10486.3600000000	7251.48000000000	3487.17000000000
12736.3100000000	8045.75000000000	3337.25000000000
20965.5900000000	-67.1500000000001	-5351.06000000000
14281.8800000000	9008.35000000000	-4112.65000000000
15918.1800000000	7760.20000000000	-4907.80000000000
4704.80000000000	2422.83200000000	-4601.40000000000
99.3999999999978	2656.72200000000	15.5730000000000
424.700000000001	36.1499999999996	-9.23699999999997
8956.86000000000	1539.60000000000	3917.17000000000
6666.90000000000	2321.90300000000	4440.33000000000
4263.20000000000	3552.75800000000	4182.25000000000
12011.3600000000	1527.82000000000	3898.23000000000
29640.8000000000	1325.97000000000	2994.68000000000
30212	-4074.70000000000	2998.59000000000
9721.89000000000	-545.200000000000	1095.36000000000
11252.8100000000	-724.690000000000	-1006.08100000000
8187.10000000000	-296.190000000000	-2511.49000000000
7413.30000000000	405.280000000000	2859.25000000000
5077.90000000000	7486.72000000000	-1040.05300000000
2954.50000000000	6343.13000000000	-754.974000000000
27268.4900000000	-3154.79000000000	4180.26000000000
6619.80000000000	6999.37000000000	2164.25000000000
16426.9000000000	7697.07000000000	3648.32000000000
11269.5900000000	8893.05000000000	2101.83000000000
13570.0600000000	9831.39000000000	1927.38000000000
3175.10000000000	6292.72000000000	1031.72000000000
6109.70000000000	5439.99000000000	3838.68000000000
11156.6100000000	10228.9000000000	-1039.21500000000
1464.30000000000	2318.10500000000	2906.46000000000
2964.70000000000	4526.72000000000	2996.66000000000
19561.5900000000	6682.69000000000	3024.37000000000
21207.8500000000	7604.09000000000	40.3440000000000
12788.3600000000	-519.570000000000	939.680000000000
32006.7000000000	208.280000000000	1053.53000000000
1327.90000000000	4581.20000000000	999.420000000000
2042.50000000000	197.800000000000	2055.45000000000
3565.80000000000	-883.310000000000	1048.39000000000
4355	601.010000000000	2724.92000000000
28876.6000000000	-4576.97000000000	-3137.52000000000
15088.0100000000	8974.79000000000	3054.38000000000
21984.1500000000	-853.930000000000	-5061.92000000000
22749.0600000000	-1539.10000000000	-4682.80000000000
22749.0600000000	-441.340000000000	-5694.83000000000
24256.7900000000	-761.670000000000	-5724.28000000000
24343.6800000000	-1878.87000000000	-4995.95000000000
23507.8300000000	273.490000000000	-6108.97000000000
25048.3200000000	-1359.42000000000	-5531.94000000000
23343.1700000000	-2146.43000000000	-4259.07000000000
25048.3200000000	-2540.64000000000	-4597.48000000000
25827.3000000000	-753.850000000000	-5750.28000000000
26750.0500000000	-2890.84000000000	-4699.04000000000
27350.4300000000	-2090.24000000000	-5256.05000000000
26770.6600000000	-1103.17000000000	-5545.03000000000
25742.1300000000	-3153.39000000000	-4163.65000000000
1379.40000000000	-583.010000000000	-1881.32000000000
2228.40000000000	-427.420000000000	-2862.34000000000
3589.60000000000	-463.880000000000	-2944.68000000000
2822.20000000000	-158.940000000000	-3400.08000000000
4391.60000000000	-899.830000000000	-2047.41000000000
3599	-1247.53000000000	-987.191000000000
1972	-913.650000000000	-1002.30100000000
2799.80000000000	1300.85000000000	-4084.49000000000
4367.60000000000	1368.91000000000	-4414.80000000000
4355	-158.620000000000	-3399.78000000000
2240	464.560000000000	-3592.49000000000
5140.10000000000	443.140000000000	-3862.97000000000
861.899999999998	1329.50000000000	-2897.10000000000
1628	1329.50000000000	-3600.04000000000
492.299999999999	217.940000000000	-2022.66000000000
6654.30000000000	5043.88000000000	-4452.72000000000
5103.50000000000	4656.63000000000	-4138.33000000000
5263.30000000000	3289.81300000000	-4666.67000000000
6750.40000000000	3522.20900000000	-4978.69000000000
7399	4530.69000000000	-4811.39000000000
5914.80000000000	5549.91000000000	-3807.36000000000
12071.7000000000	9198.57000000000	-3230.25000000000
13552.0300000000	9491.22000000000	-3505.35000000000
14242.7800000000	10180.0400000000	-3140.76000000000
13552.0300000000	10518.7300000000	-2428.03000000000
11990.9300000000	10185.1700000000	-2061.88000000000
12994.0400000000	8721.54000000000	-3847.64000000000
12971.2300000000	10676.5500000000	-1804.66000000000
15823.9900000000	10009.5400000000	-3060.21000000000
17206.1650000000	8488.97000000000	-3825.95000000000
17332.5530000000	8883.66000000000	-2036.32000000000
16437.7300000000	9851.31000000000	-1969.26000000000
15876.3400000000	8982.58000000000	-4136.40000000000
16617.7100000000	8351.72000000000	-4478.59000000000
17765.3790000000	8433.38000000000	-3032.87000000000
28692.4000000000	6261.84000000000	-753.248000000000
30151.4000000000	5545.79000000000	-195.400000000000
28114	6178.36000000000	-1442.52000000000
28891.5000000000	5804.67000000000	-2098.03000000000
29880.2000000000	4934.32000000000	-2304.99000000000
30734.6000000000	4943.26000000000	-1166.36900000000
29240.2000000000	6216.10000000000	15.5730000000000
27282.0500000000	6570.43000000000	-848.829000000000
28536.9000000000	6507.99000000000	891.050000000000
26756.3400000000	7227.06000000000	-152.634000000000
27505.4000000000	7116.24000000000	1119.21000000000
26562.1200000000	5716.88000000000	3006.18000000000
27122.2900000000	3397.71300000000	3979.99000000000
26431.8400000000	4424.21000000000	3709.97000000000
27695.4000000000	5922.50000000000	2231.50000000000
28278.8000000000	4835.47000000000	2476.44000000000
28155.5000000000	3580.12700000000	3191.05000000000
10636.9300000000	7721.74000000000	-3693.45000000000
12193.0600000000	6599.05000000000	-4651.43000000000
11206.5000000000	6926.41000000000	-4213.61000000000
12785.6100000000	7315.87000000000	-4532.02000000000
13581.1800000000	7995.84000000000	-4431.50000000000
11252.7800000000	8415.21000000000	-3521.46000000000
12749.8900000000	5711.50000000000	-5261.29000000000
14338.4300000000	5815.66000000000	-5460.28000000000
15010.3400000000	6876.69000000000	-5151.63000000000
13552.0300000000	5194.19000000000	-5608.57000000000
14471.2300000000	7716.28000000000	-4701.60000000000
8953.52000000000	7370.56000000000	-3566.70000000000
8227.27000000000	6654.18000000000	-3840.70000000000
9801.94000000000	5508.75000000000	-4835.07000000000
8766.02000000000	5897.04000000000	-4478.09000000000
10486.3600000000	6211.40000000000	-4521.67000000000
9675.10000000000	8041.06000000000	-3271.31000000000
10495.2900000000	4544.36000000000	-5430.49000000000
12019.1900000000	5045.36000000000	-5470.24000000000
11440.1100000000	4375.71000000000	-5615.64000000000
25668.1200000000	4257.84000000000	-4932.71000000000
27232.3100000000	2370.51000000000	-4869.19000000000
25222.7000000000	3746.84400000000	-5510.75000000000
25943.9200000000	2635.04600000000	-5433.66000000000
27518.8000000000	3762.21000000000	-4504.70000000000
26565.0700000000	4742.43000000000	-4097.03000000000
19555.9700000000	-2128.87000000000	-918.520000000000
20280.3900000000	-2432.66000000000	239.078000000000
18208.3150000000	-715.220000000000	7.80599999999998
18448.9660000000	-1524.80000000000	-1000.57300000000
19820.4400000000	-1812.21000000000	1018.22000000000
18920.2000000000	-851.920000000000	1033.90000000000
18506.8300000000	-348.910000000000	2047.87000000000
20479.4300000000	-1717.09000000000	1912.27000000000
20510.5400000000	-763.550000000000	2965.03000000000
19096.3800000000	-383.880000000000	2862.01000000000
19683.3900000000	-151.970000000000	3424.74000000000
15245.2200000000	-992.420000000000	78.7619999999999
15925.5000000000	-1080.14000000000	-903.224000000000
17406.3046000000	-998.110000000000	-868.328000000000
17384.1290000000	-275.960000000000	491.539000000000
16760.6560000000	-171.550000000000	1221.12000000000
15878.6800000000	-531.740000000000	1067.35000000000
14177.4800000000	-120.130000000000	2192.09000000000
16002.0900000000	-179.580000000000	2234.32000000000
13552.0300000000	-323.620000000000	1551.98000000000
14380.4900000000	-704.360000000000	973.110000000000
15155.7800000000	288.260000000000	2996.35000000000
27794.6000000000	1117.31000000000	-4927.99000000000
28762.5000000000	30.9100000000003	-4717.99000000000
29506	188.030000000000	-3901.27000000000
29507.4000000000	2179.61800000000	-3638.05000000000
28320.7000000000	2375.30200000000	-4319.60000000000
30004.5000000000	1329.50000000000	-3507.13000000000
25849.2300000000	1372.58000000000	-5672.10000000000
26498.3100000000	262.730000000000	-5663.89000000000
27463.1100000000	215.400000000000	-5354.45000000000
29030.3000000000	-3218.23000000000	-4409.83000000000
27347.5800000000	-3424.05000000000	-4402.37000000000
28785.1000000000	-1964.84000000000	-4856.74000000000
28107.9000000000	-3969.57000000000	-3875.44000000000
18916.9700000000	-277.070000000000	-4526.01000000000
19699.7600000000	142.490000000000	-5157.02000000000
21006.2200000000	-1104.20000000000	-4301.03000000000
18852.1800000000	-1102.44000000000	-3201.54000000000
18124.6170000000	-476.500000000000	-3961.35000000000
20449.8100000000	-475.550000000000	-4710.48000000000
20449.8100000000	-1416.60000000000	-3552.79000000000
19831.2900000000	-1555.72000000000	-2862.05000000000
8301.60000000000	8663.94000000000	-1872.14000000000
8953.52000000000	8488.97000000000	-2573.86000000000
10527.9200000000	8846.59000000000	-2887.42000000000
10639.3500000000	9653.49000000000	-1826.71000000000
9852.62000000000	9640.34000000000	-771.416000000000
11252.7800000000	9526.62000000000	-2522.10000000000
8825.19000000000	9165.80000000000	-1065.69100000000
3477.20000000000	2473.79100000000	-4196.98000000000
1292.80000000000	2429.85400000000	-3039.44000000000
2969.20000000000	3319.08900000000	-3670.93000000000
2060.40000000000	3471.45600000000	-2908.78000000000
8894.37000000000	2342.90600000000	-5280.27000000000
8133.44000000000	3602.35600000000	-5210.64000000000
7442.50000000000	1125.91000000000	-4233.18000000000
5879.70000000000	2381.10600000000	-4747.38000000000
6654.30000000000	1797.61000000000	-4630.09000000000
8328.43000000000	1468.71000000000	-4748.39000000000
10310.9000000000	2233.49400000000	-5473.76000000000
10486.3600000000	836.380000000000	-4507.31000000000
8953.52000000000	922.860000000000	-4426.94000000000
9719.94000000000	2967.81800000000	-5574.79000000000
11352.8000000000	1387.51000000000	-5021.46000000000
9702.18000000000	357.840000000000	-3906.30000000000
12019.1900000000	781.730000000000	-4558.10000000000
12768.3400000000	2516.48600000000	-5787.23000000000
13552.0300000000	1818.92000000000	-5626.43000000000
13552.0300000000	667.970000000000	-4663.84000000000
12803.9100000000	254.510000000000	-4054.24000000000
12019.1900000000	1969.55000000000	-5486.44000000000
14333.3500000000	1126.77000000000	-5252.89000000000
31970.5000000000	-3054.50000000000	-2007.94000000000
31219.7000000000	-4347.73000000000	-2011.53000000000
32317	-3186.47000000000	170.154000000000
31497.2000000000	-4451.18000000000	174.095000000000
31082.3000000000	-4878.88000000000	-802.805000000000
32302.2000000000	-2879.48000000000	-831.610000000000
30911	3298.75700000000	846.160000000000
30058.4000000000	3347.53900000000	1754.18000000000
31673.6000000000	2422.83200000000	257.282000000000
31446.1000000000	1543.30000000000	1218.62000000000
30660.9000000000	1510.61000000000	2206.10000000000
29955.3000000000	2649.67500000000	2232.17000000000
16684.4880000000	547.560000000000	-4886.17000000000
16593.1780000000	1414.55000000000	-5737.40000000000
18135.5300000000	1498.05000000000	-5995.93000000000
18228.1240000000	277.140000000000	-5022.09000000000
15627.1000000000	1075.31000000000	-5307.93000000000
17323.0010000000	2344.76800000000	-6251.29000000000
17226.0800000000	-159.300000000000	-4207.01000000000
15084.8700000000	628.200000000000	-4700.79000000000
16617.7100000000	-363.280000000000	-3589.99000000000
15927.0200000000	-637.230000000000	-2859.64000000000
14321.3500000000	142.690000000000	-4085.55000000000
15084.8700000000	-213.530000000000	-3450.81000000000
17384.1290000000	616.770000000000	3726.42000000000
19088	403.530000000000	3697.85000000000
18146.5030000000	2511.37000000000	4810.06000000000
17384.1290000000	1931.07000000000	4537.20000000000
16622.5920000000	1310.73000000000	4138.97000000000
18168.7070000000	33.9600000000000	3172.98000000000
19706.0100000000	1111.89000000000	4219.79000000000
18916.9700000000	1894.65700000000	4571.04000000000
21379.7000000000	-2571.81000000000	-1794.75000000000
21982.6400000000	-2535.65000000000	-2560.55000000000
23549.4800000000	-2977.03000000000	-3037.23000000000
23694.6400000000	-3626	-1779.16000000000
23111.7800000000	-3619.75000000000	-1000.57300000000
22560.0100000000	-2459.45000000000	-3255.22000000000
21960.9600000000	-3059.66000000000	-991.948000000000
22087.4900000000	-1839.16000000000	-3987.58000000000
20417.9000000000	-2135.94000000000	-2052.30000000000
18043.3930000000	-1330.34000000000	-1976.10000000000
16626.7410000000	-1180.23000000000	-1999.55000000000
21216.2200000000	-297.300000000000	3559.81000000000
21970.4500000000	226.350000000000	4100.50000000000
21065.1000000000	1169.93000000000	4428.83000000000
20449.8100000000	1848.52300000000	4613.92000000000
15851.2900000000	733.670000000000	3617.78000000000
17390.4960000000	-42.8800000000001	2041.36000000000
10486.3600000000	-379.880000000000	1604.27000000000
11256.2000000000	-585.080000000000	957.860000000000
12019.1900000000	-329.220000000000	1557.18000000000
12016.2400000000	673.590000000000	2972.41000000000
10495.8500000000	628.810000000000	2982.34000000000
9807.32000000000	-13.1599999999999	2224.66000000000
12789.8400000000	47.9600000000000	2134.63000000000
11252.7800000000	977.780000000000	3390.90000000000
25065.9200000000	7907.51000000000	1010.03000000000
26659.5800000000	7007.76000000000	2041.19000000000
25836.2600000000	7433.15000000000	137.911000000000
25690.8200000000	7536.09000000000	1883.69000000000
22148.9800000000	7284.12000000000	-2249.68000000000
23664.4600000000	6142.21000000000	-3243.70000000000
24281.9000000000	6174.86000000000	-2455.42000000000
24317.2700000000	6971.10000000000	-1107.69600000000
22749.0600000000	7313.81000000000	-1481.67000000000
22696.6200000000	6736.65000000000	-3054.17000000000
24863.6600000000	6332.45000000000	-1830.56000000000
23348.2000000000	7453.31000000000	-816.965000000000
25099.7700000000	4863.12000000000	-4219.38000000000
25814.7400000000	5115.75000000000	-3503.37000000000
25790.1000000000	5845.93000000000	-2224.38000000000
24014	5558.52000000000	-3879.60000000000
26579.6600000000	5371.73000000000	-2954.37000000000
28066.3000000000	5496.85000000000	-2880.97000000000
27347.5800000000	5124.60000000000	-3511.60000000000
26581.1600000000	6237.80000000000	-1497.77000000000
29869.1000000000	-1934.25000000000	-4321.56000000000
31193.4000000000	-3029.88000000000	-3079.34000000000
31188	-861.960000000000	-3049.16000000000
30124.1000000000	-1084.22000000000	-3882.21000000000
30170.7000000000	-2869.19000000000	-3930.89000000000
31544.9000000000	-1950.51000000000	-2863.85000000000
29292.4000000000	-857.170000000000	-4595.21000000000
28242.6000000000	-884.650000000000	-5169.94000000000
24256.1000000000	5695.46000000000	3976.43000000000
25814.7400000000	5206.10000000000	3618.49000000000
24984.8900000000	3343.29300000000	4915.42000000000
24113.2700000000	4408.60000000000	4686.01000000000
23515.4800000000	5113.72000000000	4548.78000000000
25237.1400000000	5934.46000000000	3529.63000000000
26040.9000000000	3810.49000000000	4325.45000000000
21962.4300000000	7545.15000000000	1102.44000000000
22885.1200000000	7525.12000000000	1889.58000000000
21291.6600000000	6577.26000000000	3001.34000000000
20447.1900000000	6804.21000000000	2063.23000000000
21048.1400000000	7244.28000000000	1225.34000000000
22738.8400000000	6807.15000000000	3067.21000000000
22041.1000000000	-2891.30000000000	1049.68000000000
23068.5900000000	-2886.36000000000	1884.64000000000
22863.5700000000	-1764.75000000000	2981.41000000000
21216.2200000000	-1439.40000000000	2588.99000000000
21058.1300000000	-2367.55000000000	1209.71000000000
21966.1100000000	-996.970000000000	3315.74000000000
23515.4800000000	-2542.05000000000	2597.65000000000
23515.4800000000	-1480.10000000000	3642.96000000000
24102.8100000000	-3270.24000000000	2268.93000000000
25047.8200000000	-3117.61000000000	3139.41000000000
25043.3100000000	-1971.25000000000	4166.48000000000
24116.7000000000	-1077.11000000000	4266.42000000000
12017.3400000000	-216.610000000000	-3144.98000000000
10492.3200000000	-213.450000000000	-3144.35000000000
11252.7800000000	-413.110000000000	-2620.16000000000
27964.4000000000	4539.25000000000	-3915.79000000000
28611.9000000000	3312.48600000000	-3921.33000000000
29686.8000000000	3531.90200000000	-3182.49000000000
4287.30000000000	6919.75000000000	1051.27000000000
5887.80000000000	7307.02000000000	1506.50000000000
4704.10000000000	7391.43000000000	15.5730000000000
5944.70000000000	7829.12000000000	-14.0360000000000
6703.40000000000	7809.94000000000	1039.31000000000
5149.10000000000	6750.30000000000	1967.53000000000
7547.01000000000	8544.84000000000	-760.992000000000
8298.32000000000	8799.55000000000	-36.6830000000000
6489.10000000000	8102.51000000000	-1080.99700000000
7974.95000000000	8136.91000000000	1300.27000000000
14318.4500000000	1972.80600000000	4498.41000000000
14318.4500000000	878.650000000000	3483.02000000000
15851.2900000000	1959.04400000000	4511.20000000000
13537.4300000000	1485.33000000000	3933.55000000000
15086.0300000000	2508.78400000000	4790.50000000000
24286.5500000000	-4148.44000000000	1048.22000000000
26417.2100000000	-4559.85000000000	2223.32000000000
25404.7500000000	-4722.05000000000	1031.72000000000
25814.7400000000	-4685.77000000000	1541.58000000000
26009.7700000000	-3919.13000000000	2831.38000000000
22656.5500000000	-3489.06000000000	14.0630000000000
24945.5400000000	-4618.99000000000	26.4980000000000
23332.0300000000	-3542.66000000000	1252.10000000000
24315.4000000000	-4135.11000000000	-1042.67100000000
8934.07000000000	7060.20000000000	3203.57000000000
8731.96000000000	5973.26000000000	4327.14000000000
7423.40000000000	5697.70000000000	4075.66000000000
7501.44000000000	6673.43000000000	2896.31000000000
9685.22000000000	6666.70000000000	3934.65000000000
8187.10000000000	5227.99000000000	4654.98000000000
9885.89000000000	7689.80000000000	2885.12000000000
10486.3600000000	8353.14000000000	2478.77000000000
11230.9100000000	7908.68000000000	3083.57000000000
10486.3600000000	6223.63000000000	4564.18000000000
11145.1900000000	6881.88000000000	4160.07000000000
12019.1900000000	8528.21000000000	2641.47000000000
13583.9200000000	8703.96000000000	2935.12000000000
13702.8500000000	7753.85000000000	3754.12000000000
12019.1900000000	7503.17000000000	3721.10000000000
12757.7100000000	9127.10000000000	2298.96000000000
14318.4500000000	8327.70000000000	3471.27000000000
12801.8700000000	7051.20000000000	4300.88000000000
20449.8100000000	615.780000000000	-5728.48000000000
21957.4100000000	402.280000000000	-5994.47000000000
21174.6500000000	1278.96000000000	-6240.50000000000
15084.8700000000	9692.88000000000	-3692.77000000000
15084.8700000000	8409.49000000000	-4532.28000000000
16635.8170000000	6900.70000000000	-5430.51000000000
17325.5330000000	7668.05000000000	-4956.53000000000
4272.80000000000	3540.48900000000	-4184.23000000000
5121.40000000000	1844.58200000000	-4586.44000000000
476.700000000001	3516.16800000000	15.5730000000000
-58	1303.01000000000	27.0050000000000
645.299999999999	3458.94800000000	-1027.14600000000
113.800000000003	2276.31900000000	-851.624000000000
621.400000000002	3420.42000000000	936.040000000000
207.799999999999	2422.83200000000	781.160000000000
-78.0999999999985	1329.50000000000	-1000.57300000000
237.600000000002	1230.67000000000	1209.60000000000
162.500000000000	450.760000000000	-1000.57300000000
847.100000000002	-394.640000000000	-1000.57300000000
1348.60000000000	-518.990000000000	60.1170000000000
966.500000000000	50.1000000000004	1241.55000000000
8186.73000000000	2316.76300000000	4476.74000000000
8187.10000000000	898.630000000000	3464.46000000000
9719.94000000000	926.490000000000	3438.57000000000
9725.07000000000	2320.00100000000	4477.20000000000
7417.30000000000	1514.03000000000	3945.04000000000
8963.66000000000	438.380000000000	2829.87000000000
10488.8000000000	1530.36000000000	3912.16000000000
8953.52000000000	2852.64050000000	4696.84000000000
5942.20000000000	1479.05000000000	3874.79000000000
7420.70000000000	2871.60920000000	4679.21000000000
6640.20000000000	3496.35300000000	4696.08000000000
5770.20000000000	3519.54200000000	4549.31000000000
5141.70000000000	2310.72400000000	4190.46000000000
6654.30000000000	884.390000000000	3477.70000000000
3778.30000000000	4372.08000000000	3607.90000000000
2959.80000000000	3298.98600000000	3695.82000000000
3703.50000000000	2461.33000000000	4004.12000000000
4355	5044.38000000000	3468.18000000000
5114.10000000000	4625.92000000000	4106.21000000000
11254.8600000000	2314.54400000000	4504.55000000000
12785.6100000000	974.110000000000	3394.30000000000
12785.6100000000	2054.31200000000	4422.66000000000
12200.9700000000	2598.86700000000	4691.69000000000
29022.6000000000	2521.53300000000	3145.23000000000
30499	212.180000000000	3201.12000000000
29651	215.130000000000	4020.55000000000
28826.4000000000	1362.15000000000	3982.33000000000
28880	-4299.94000000000	3109.91000000000
29646.8000000000	-4636.20000000000	2511.66000000000
30247.9000000000	-4767.62000000000	1836.87000000000
31157.9000000000	-4124.70000000000	2034.09000000000
31130.9000000000	-3000.47000000000	3029.63000000000
30121.4000000000	-2861.49000000000	3951.16000000000
29646.8000000000	-3709.69000000000	3682.84000000000
8140.94000000000	-741.260000000000	995.670000000000
8943.04000000000	-849.460000000000	15.8300000000000
10486.6100000000	-790.380000000000	18.8120000000000
8953.52000000000	-412.170000000000	1634.28000000000
9719.57000000000	-734.340000000000	-1008.25200000000
10483.6100000000	-527.110000000000	-2055.50000000000
12019	-575.230000000000	-2053.33000000000
12857.1500000000	-812.830000000000	-1002.07200000000
12020.0100000000	-738.880000000000	22.7030000000000
7420.40000000000	-485.560000000000	-1920.84000000000
8945.80000000000	-513.230000000000	-1924.84000000000
8066.25000000000	-791.420000000000	-962.132000000000
6654.30000000000	-299.600000000000	-2514.66000000000
7421.40000000000	65.1400000000003	-3116.89000000000
8885.63000000000	-71.9299999999998	-3080.15000000000
6646.40000000000	-133	2128.87000000000
8181.29000000000	-157.250000000000	2138.08000000000
5869.80000000000	452.380000000000	2820.53000000000
7420.70000000000	-450.270000000000	1669.69000000000
31387.9000000000	-1950.51000000000	2810.56000000000
31059.6000000000	-759.800000000000	2949.47000000000
30815.7000000000	-1950.51000000000	3597.64000000000
30217.5000000000	-1021.77000000000	3972.30000000000
31863.6000000000	-1950.51000000000	2047.87000000000
29857.6000000000	-1925.35000000000	4360.19000000000
4094.80000000000	7000.49000000000	-1080.12900000000
4809.30000000000	6948.96000000000	-2174.74000000000
6033.30000000000	7630.58000000000	-1955.94000000000
2524.60000000000	5978.13000000000	155.040000000000
3535.80000000000	6856.64000000000	5.28600000000000
2277.30000000000	5563.35000000000	-827.401000000000
2907.10000000000	5652.20000000000	-1964.10000000000
3723.10000000000	6415.70000000000	-1841.49000000000
25970.7800000000	-2849.88000000000	3908.24000000000
28114	-3767.70000000000	3736.76000000000
28114	-2607.07000000000	4690.37000000000
27348.1400000000	-1862.76000000000	4969.70000000000
26581.1600000000	-2440.80000000000	4535.84000000000
26581.1600000000	-3573.25000000000	3556.04000000000
27324.1600000000	-4184.95000000000	3074.89000000000
28870.7000000000	-3252.94000000000	4256.93000000000
7610.86000000000	7444.55000000000	1886.47000000000
5887.80000000000	6370.41000000000	2668.31000000000
8187.10000000000	7190.67000000000	2414.51000000000
6472.90000000000	6158.30000000000	3246.86000000000
15938.1500000000	6995.07000000000	4365.48000000000
16016.1600000000	8313.55000000000	3239.53000000000
17447.2904000000	6923.55000000000	4109.84000000000
15087.5200000000	7694.60000000000	3930.42000000000
17102.3470000000	7743.52000000000	2897.35000000000
16617.7100000000	6366.96000000000	4697.39000000000
10317.8100000000	9424.97000000000	1219.17000000000
9919.83000000000	8748.81000000000	1816.05000000000
11302.9700000000	9868.03000000000	892.950000000000
12019.1900000000	9611.89000000000	1616.36000000000
12723.5100000000	10229.1100000000	1099.42000000000
14318.4500000000	10502.6100000000	1428.04000000000
14318.4500000000	9504.46000000000	2532.66000000000
13727.6200000000	10722.4800000000	849.050000000000
15080.6000000000	9913.47000000000	1971.64000000000
2273.50000000000	5569.79000000000	863.530000000000
2964.40000000000	5629.51000000000	1970.34000000000
3588.60000000000	6280.02000000000	1568.15000000000
5103.70000000000	5809.21000000000	3034.54000000000
6482.40000000000	4807.50000000000	4492.08000000000
12158.6600000000	10704.3500000000	-753.159000000000
10542.9900000000	10012.4000000000	-20.4680000000000
11866.9300000000	10489.8500000000	198.159000000000
1274.20000000000	3536.11800000000	2040.21000000000
962.800000000003	1176.86000000000	2334.09000000000
2021.10000000000	1340.47000000000	3107.63000000000
655	2279.20500000000	1938.43000000000
2121.60000000000	3469.30500000000	3030.88000000000
2429.70000000000	2422.83200000000	3584.32000000000
2039.70000000000	4616.57000000000	2056.64000000000
3812.90000000000	5428.65000000000	2808.53000000000
18104.1810000000	7179.25000000000	3028.78000000000
18891.2200000000	7132.95000000000	2023.92000000000
19683.3900000000	6146.95000000000	4492.92000000000
20271.4600000000	6338.72000000000	3891.45000000000
18835.5600000000	6567.35000000000	3907.92000000000
19689.5100000000	7478.27000000000	-105.616000000000
20449.2700000000	7549.59000000000	-992.097000000000
21991.9100000000	7644.64000000000	-1022.79500000000
22752.7500000000	7884.18000000000	19.9850000000000
20449.8100000000	7359.15000000000	538.804000000000
13686.2900000000	-785.440000000000	-42.1000000000000
32421.8000000000	113.620000000000	-117.362000000000
32278.3000000000	-857.170000000000	796.890000000000
31774.1000000000	-1054.21000000000	1883.90000000000
32158.8000000000	1337.16000000000	46.5610000000000
32532.2000000000	-857.170000000000	15.5730000000000
31344.7000000000	228.630000000000	2119.31000000000
1649.20000000000	5189.52000000000	15.5730000000000
1020.20000000000	4380.79000000000	15.5730000000000
873.200000000001	735.870000000000	2047.87000000000
2018.90000000000	-515.030000000000	950.940000000000
2822.20000000000	-380.620000000000	1604.95000000000
2822.20000000000	581.050000000000	2743.48000000000
3593.90000000000	11.9699999999998	2270.50000000000
4355	-501.570000000000	1717.36000000000
2656.80000000000	-1020.90000000000	83.6189999999999
4364.80000000000	-1308.81000000000	-4.18200000000002
5120.40000000000	-971.860000000000	1095.73000000000
3600	1109.64000000000	3265.76000000000
5045.40000000000	-39.4900000000002	2204.02000000000
4949.40000000000	921.200000000000	3215.39000000000
4543.50000000000	1494.69000000000	3676.71000000000
28114	-4821.26000000000	-2652.50000000000
29410	-3856.02000000000	-3789.34000000000
29646.8000000000	-4781.11000000000	-2615.19000000000
28888.8000000000	-5144.88000000000	-1910.92000000000
27285.1800000000	-4387.43000000000	-3197.85000000000
30415.6000000000	-4156.19000000000	-3061.38000000000
20612.0800000000	-2540.58000000000	-747.989000000000
21297.5400000000	-2816.63000000000	32.2590000000000
16048.7200000000	9103.21000000000	2178.51000000000
25041.6800000000	252.890000000000	-6086.63000000000
24311.5700000000	-2787.36000000000	-3908.32000000000
22745.1000000000	1334.56000000000	-6358.22000000000
24236.5500000000	1331.61000000000	-6032.37000000000
26766.7800000000	-3693.43000000000	-3882.69000000000
25925.8200000000	-3946.44000000000	-3053.46000000000
24875.4400000000	-3503.06000000000	-3230.45000000000
4934.10000000000	-393.790000000000	-2850.57000000000
5830.60000000000	-601.500000000000	-1986.34000000000
5117.20000000000	-1244.73000000000	-969.871000000000
5977.90000000000	1124.95000000000	-4320.73000000000
5955.50000000000	-13.5999999999999	-3200.92000000000
6654.30000000000	551.450000000000	-3755.98000000000
496.500000000000	2444.28000000000	-1994.93000000000
199.400000000001	1329.50000000000	-1788.84000000000
7361.90000000000	5760.07000000000	-4198.32000000000
3764.30000000000	4374.08000000000	-3597.18000000000
4806.10000000000	5866.29000000000	-3175.84000000000
4355	5108.58000000000	-3496.71000000000
8881.65000000000	4688.31000000000	-5170.42000000000
8187.10000000000	5276.69000000000	-4669.10000000000
6654.30000000000	6326.80000000000	-3612.78000000000
5886.80000000000	6799.58000000000	-3035.61000000000
15084.8700000000	10649.3100000000	-2549.38000000000
14389.1600000000	11007.6500000000	-1969.03000000000
13552.0200000000	11170	-1001.50800000000
15527.8800000000	10708.1600000000	-2016.72000000000
18170.9320000000	7966.57000000000	-4115.54000000000
18212.0140000000	8207.33000000000	-2016.92000000000
18833.3300000000	7845.76000000000	-3065.28000000000
17134.1610000000	9213.31000000000	-1000.57300000000
17785.8460000000	8462.58000000000	-1000.57300000000
16040.2100000000	10400.2600000000	-1000.51300000000
30612	4609.50000000000	-1770.15000000000
30940.2000000000	4404.93000000000	-194.605000000000
30218.3000000000	4466.62000000000	905.130000000000
29424.3000000000	5561.68000000000	886.090000000000
30723.6000000000	3753.79500000000	-2211.48000000000
31445.1000000000	3690.58100000000	-1078.73700000000
25775.3800000000	6741.14000000000	-998.310000000000
28659.5000000000	5396.94000000000	1785.89000000000
28114	6318.21000000000	1603.65000000000
25048.3200000000	7283.19000000000	-437.058000000000
25820.5200000000	6694.53000000000	2866.35000000000
29040.7000000000	3746.78000000000	2474.72000000000
29323.7000000000	4386.75000000000	1865.81000000000
28114.4000000000	2426.87800000000	4068.68000000000
27210.4300000000	2247.90600000000	4751.89000000000
26581.1600000000	2999.14000000000	4615.78000000000
12768.1300000000	4510.33000000000	-5761.74000000000
14313.4600000000	4651.25000000000	-5874.49000000000
15250.1100000000	5513.53000000000	-5686.28000000000
15851.2900000000	6214.38000000000	-5540.58000000000
8208.70000000000	7849.36000000000	-2989.23000000000
7198.80000000000	7073.46000000000	-3276.39000000000
10473.7400000000	3360.50300000000	-5692.59000000000
9534.16000000000	3772.31000000000	-5549.52000000000
12012.5500000000	3519.18900000000	-5830.79000000000
24311.5700000000	4688.49000000000	-5166.74000000000
24303.8700000000	3435.35300000000	-5827.86000000000
25080.8100000000	2451.30700000000	-5688.72000000000
19061.4700000000	-1793.26000000000	-1979.43000000000
18001.2760000000	-211.900000000000	1250.24000000000
14261.7400000000	-997.380000000000	-1079.42500000000
15085.9700000000	-855.170000000000	-2013.20000000000
13631.6700000000	520.170000000000	2881.87000000000
30441.5000000000	255.360000000000	-3119.08000000000
30934.8000000000	1201.55000000000	-2825.98000000000
30369.1000000000	2469.56400000000	-2934.95000000000
18916.9700000000	756.930000000000	-5597.30000000000
19665	1324.38000000000	-6088.84000000000
7396.60000000000	8205.14000000000	-2052.41000000000
9564.32000000000	9448.34000000000	241.886000000000
1193.30000000000	3584.69100000000	-2080.96000000000
2987.80000000000	4506.73000000000	-2947.83000000000
2084.60000000000	4639.30000000000	-2065.81000000000
8347.49000000000	611.700000000000	-3912.64000000000
11240.2400000000	2562.14500000000	-5645.01000000000
9719.94000000000	-369.190000000000	-2579.34000000000
14409.1500000000	2446.08500000000	-6040.34000000000
13647.4400000000	3517.31700000000	-6017.41000000000
15084.8700000000	1701.27000000000	-5735.78000000000
13364.6000000000	-243.020000000000	-3229.71000000000
12785.6100000000	-406.820000000000	-2614.31000000000
32412.4000000000	-1950.51000000000	-1250.67700000000
30316.1000000000	-4957.49000000000	-1891.76000000000
29780	-5334.39000000000	-1057.10300000000
30431.9000000000	-5244.44000000000	10.9050000000000
32091.3000000000	-1950.51000000000	-2016.72000000000
32490	-1962.63000000000	32.0730000000000
31777.6000000000	-4003.37000000000	882.050000000000
32145.2000000000	-3043.84000000000	1031.72000000000
32259.7000000000	-1947.11000000000	1109.77000000000
30845.8000000000	-4754.26000000000	1031.72000000000
31447.4000000000	3251.25200000000	15.5730000000000
31891.4000000000	2407.76000000000	-1000.23100000000
15863.4000000000	2343.03600000000	-6155.87000000000
18918.6500000000	2443.66200000000	-6360.69000000000
16622.0230000000	3509.31800000000	-6285.73000000000
18154.7970000000	3507.84800000000	-6393.59000000000
14315.5000000000	-408.580000000000	-2917.53000000000
19683.7800000000	2340.38900000000	4811.01000000000
17398.8750000000	3526.82600000000	5102.39000000000
18871.1500000000	3528.79800000000	5130.58000000000
16615.7320000000	2521.74500000000	4761.59000000000
24281.9000000000	-3598.18000000000	-2531.92000000000
25049.1300000000	-4142.19000000000	-2022.74000000000
23049.3900000000	-702.420000000000	3957.86000000000
22749.0600000000	731.170000000000	4636.25000000000
21944.1000000000	1445.94000000000	4709.05000000000
23333.5900000000	11.8400000000001	4529.80000000000
21209.6100000000	2374.40600000000	4797.28000000000
24222.0100000000	7685.96000000000	41.6850000000000
24322.2700000000	7831.30000000000	1985.81000000000
23360.9300000000	8012.30000000000	1086.48000000000
25048.3200000000	7371.96000000000	2583.01000000000
21234.4900000000	7510.55000000000	-2028.06000000000
21613.7700000000	7363.29000000000	-3032.87000000000
23113.6400000000	6222.93000000000	-4049.01000000000
22082.7900000000	6985.75000000000	-4092.23000000000
23257.8400000000	5549.40000000000	-4914.16000000000
32029.1000000000	-872.380000000000	-2040.43000000000
31724.2000000000	236.160000000000	-2264.19000000000
22733.0900000000	5876.50000000000	4242.22000000000
24370.7300000000	6855.01000000000	3119.36000000000
23515.4800000000	6355.36000000000	3670.47000000000
23537.5800000000	3553.70800000000	5121.39000000000
24281.3700000000	2415.05500000000	5338.62000000000
25835.2300000000	2483.32500000000	5153.59000000000
22757.5000000000	4680.80000000000	4844.48000000000
23515.4800000000	7351.12000000000	2563.64000000000
21982.6400000000	6348.96000000000	3664.52000000000
21301.2800000000	6030.79000000000	4280.25000000000
19678.2800000000	7213.52000000000	991.180000000000
25976.0100000000	-1762.02000000000	4707.30000000000
25090.0400000000	-683.700000000000	4877.87000000000
24388.2500000000	261.460000000000	4969.42000000000
4177.30000000000	6160.71000000000	2237.83000000000
9010.53000000000	8900.26000000000	982.090000000000
8952.24000000000	7922.55000000000	2040.30000000000
13539.1200000000	2512.33700000000	4756.81000000000
14320.9300000000	3409.22700000000	5196.32000000000
15848.9300000000	3463.09400000000	5137.76000000000
25792.1500000000	-4967.43000000000	14.0150000000000
26627.4500000000	-5113.65000000000	979.160000000000
27326.8400000000	-4862.75000000000	1960.06000000000
28114	-4673.59000000000	2546.40000000000
25625.3200000000	-4680.32000000000	-1254.22200000000
9079.18000000000	4624.17000000000	5008.29000000000
9692.52000000000	5610.35000000000	4762.35000000000
7397.60000000000	4506.21000000000	4779.72000000000
11227.8400000000	5624.35000000000	4976.63000000000
10401.7000000000	4582.23000000000	5168.77000000000
12019.1900000000	6364.70000000000	4695.29000000000
14223.6100000000	6997.37000000000	4349.98000000000
13552.0300000000	6405	4732.75000000000
12744.0800000000	5713.69000000000	5110.03000000000
20447.6100000000	2433.78200000000	-6418.79000000000
21978.5400000000	2413.02600000000	-6339.02000000000
16608.2730000000	5756.36000000000	-5716.55000000000
17384.1290000000	6354.12000000000	-5670.46000000000
18247.6270000000	7018.73000000000	-5396.21000000000
18916.9700000000	7469.86000000000	-4675.14000000000
1335.10000000000	4584.14000000000	-1059.36600000000
8184.83000000000	3485.30800000000	4875.85000000000
10486.3600000000	2808.01875000000	4738.31000000000
9717.49000000000	3478.08400000000	4900.36000000000
2822.20000000000	1872.90200000000	3575.12000000000
11227.7700000000	3503.86200000000	5108.87000000000
12792.6000000000	3444.81400000000	5170.20000000000
29322.4000000000	-857.170000000000	4666.17000000000
28770.9000000000	55.2599999999998	4782.92000000000
28013.8000000000	1180.19000000000	4824.73000000000
28888	-4930.22000000000	1974.28000000000
31809.6000000000	-2887.45000000000	1914.71000000000
29644.4000000000	-5225.89000000000	997.550000000000
6727.60000000000	-896.110000000000	1055.89000000000
7407.40000000000	-1105.28000000000	13.1980000000000
13549.9300000000	-606.410000000000	-2044.96000000000
6636.30000000000	-989.760000000000	-1106.84300000000
5887.80000000000	-484.310000000000	1701.33000000000
28831.8000000000	-1885.18000000000	4910.10000000000
4355	6276.19000000000	-2549.60000000000
6654.30000000000	7471.79000000000	-2644.64000000000
3765.40000000000	5470.92000000000	-2825.99000000000
26435.6200000000	-895.910000000000	5228.45000000000
28224.6000000000	-789.790000000000	5210.91000000000
15855.8600000000	5595.95000000000	5021.80000000000
15084.8700000000	6373.99000000000	4703.93000000000
16766.8980000000	8343.83000000000	2272.32000000000
17331.7450000000	5683.69000000000	4963.97000000000
18150.5480000000	6250.93000000000	4589.55000000000
17806.8610000000	7617.49000000000	1914.58000000000
12750.8200000000	10804.0500000000	-86.8540000000000
15865.1100000000	9923.15000000000	1040.48000000000
14905.3600000000	10693.8100000000	827.610000000000
14304.0100000000	11217.3300000000	56.2880000000000
18749.1100000000	7413.88000000000	812.220000000000
20462.5600000000	5650.74000000000	4880.50000000000
18999.5100000000	5565.65000000000	5006.86000000000
19752.4500000000	4705.62000000000	5197.71000000000
18175.8520000000	7920.94000000000	-0.640000000000043
18829.4300000000	7776.71000000000	-1054.47200000000
19537.4800000000	7663.33000000000	-2015.31000000000
32314.9000000000	403.340000000000	-1132.23900000000
32167.3000000000	1329.50000000000	-1000.57300000000
32424.1000000000	-846.920000000000	-914.533000000000
5879.70000000000	-1301.62000000000	1.98899999999998
27333.3900000000	-4955.25000000000	-2074.30000000000
28041.7000000000	-5385.14000000000	-1092.24200000000
26401.3600000000	-4625.93000000000	-2232.58000000000
16683.8850000000	9041.11000000000	988.850000000000
23514.2100000000	2422.31000000000	-6080.58000000000
15145.8800000000	11230.7200000000	-999.697000000000
19702.7500000000	7511.56000000000	-3942.04000000000
20458.9000000000	7543.98000000000	-3050.17000000000
17212.5650000000	8863.89000000000	-123.838000000000
16362.8000000000	9906.60000000000	-190.468000000000
15531.2400000000	10712.9500000000	15.5730000000000
31317.4000000000	2341.55200000000	-2127.95000000000
26750.2600000000	1389.32000000000	5274.56000000000
15016.6100000000	3615.27900000000	-6195.58000000000
15842.0700000000	4497.35000000000	-6016.37000000000
23405.6300000000	4469.41000000000	-5805.46000000000
22687.6600000000	3497.26900000000	-6053.20000000000
31800.4000000000	1179.01000000000	-1895.08000000000
28880	-5438.50000000000	12.0330000000000
19679.2700000000	3509.79400000000	-6462.72000000000
17407.8717000000	4570.69000000000	-6058.33000000000
18920.0400000000	4587.25000000000	-6318.24000000000
20443.3000000000	3394.07700000000	5177.27000000000
18158.2190000000	4613.43000000000	5044.59000000000
16616.0900000000	4606.81000000000	5242.72000000000
23509.1100000000	1272.69000000000	5132.48000000000
22646.9200000000	2384.76400000000	5173.44000000000
21995.0500000000	3532.51100000000	5195.62000000000
21034.2800000000	7389.05000000000	-3825.11000000000
20449.8100000000	7254.04000000000	-4474.55000000000
22567.6000000000	6288.28000000000	-4833.70000000000
21982.6400000000	6147.74000000000	-5478.65000000000
21246.1600000000	6810.02000000000	-5132.25000000000
22558.7000000000	5461.76000000000	-5604.86000000000
21982.6400000000	5312.27000000000	4733.30000000000
25053.9300000000	1332.96000000000	5382.83000000000
21261.0400000000	4681.16000000000	5141.37000000000
25825.2000000000	252.560000000000	5408.82000000000
13551.5200000000	4605.70000000000	5366.06000000000
15082.0400000000	4605.53000000000	5270.83000000000
27198.8700000000	-5396.21000000000	13.3690000000000
26690.7200000000	-5157.78000000000	-961.349000000000
28049.9000000000	-5261.75000000000	1069.54000000000
12022.4700000000	4606.94000000000	5318.78000000000
14249.0300000000	5691.03000000000	5086.90000000000
21209.5800000000	3507.22300000000	-6255.65000000000
18216.8770000000	5633.32000000000	-5904.92000000000
18916.9700000000	6409.61000000000	-5722.03000000000
19663.9400000000	6993.51000000000	-5129.18000000000
27523.3000000000	319.920000000000	5279.99000000000
17553.8697000000	8092.27000000000	1046.15000000000
21859.7000000000	4553.36000000000	-6002.86000000000
20444	4593.27000000000	-6293.74000000000
19683.5900000000	5706.27000000000	-6085.43000000000
21140.9900000000	5534.26000000000	-5927.68000000000
20449.8100000000	6311.75000000000	-5631.08000000000